# Migration is number of nodes that have changed color.

Round		Edge-Cut		Swaps		Migrations		T		Skipped
0		8575		3560		2999		1.0
1		7768		7035		3076		1.0
2		7319		10479		3151		1.0
3		6856		13875		3126		1.0
4		6550		17274		3214		1.0
5		6241		20618		3226		1.0
6		5993		23960		3263		1.0
7		5699		27304		3253		1.0
8		5531		30650		3263		1.0
9		5306		34028		3258		1.0
10		5109		37447		3247		1.0
11		4967		40736		3276		1.0
12		4840		44128		3284		1.0
13		4761		47462		3261		1.0
14		4662		50803		3287		1.0
15		4603		54128		3287		1.0
16		4495		57444		3303		1.0
17		4379		60768		3273		1.0
18		4370		64065		3327		1.0
19		4299		67365		3306		1.0
20		4192		70714		3313		1.0
21		4178		74095		3324		1.0
22		4082		77451		3309		1.0
23		4016		80752		3300		1.0
24		3960		84149		3323		1.0
25		3907		87497		3328		1.0
26		3873		90845		3317		1.0
27		3798		94120		3289		1.0
28		3734		97472		3301		1.0
29		3727		100812		3283		1.0
30		3711		104174		3276		1.0
31		3594		107497		3280		1.0
32		3585		110850		3298		1.0
33		3585		114123		3301		1.0
34		3543		117431		3302		1.0
35		3501		120817		3307		1.0
36		3483		124116		3304		1.0
37		3432		127430		3314		1.0
38		3342		130731		3307		1.0
39		3258		134077		3319		1.0
40		3251		137348		3307		1.0
41		3238		140699		3317		1.0
42		3204		144009		3325		1.0
43		3198		147324		3299		1.0
44		3185		150632		3309		1.0
45		3131		153914		3326		1.0
46		3106		157193		3313		1.0
47		3094		160571		3308		1.0
48		3026		163907		3321		1.0
49		3047		167232		3324		1.0
50		3015		170562		3318		1.0
51		3014		173902		3311		1.0
52		2970		177213		3307		1.0
53		3001		180556		3340		1.0
54		2991		183899		3316		1.0
55		2922		187213		3319		1.0
56		2924		190521		3318		1.0
57		2922		193873		3327		1.0
58		2903		197161		3332		1.0
59		2870		200485		3336		1.0
60		2847		203820		3336		1.0
61		2829		207167		3339		1.0
62		2885		210466		3347		1.0
63		2835		213796		3363		1.0
64		2802		217112		3362		1.0
65		2801		220489		3355		1.0
66		2773		223810		3354		1.0
67		2786		227158		3349		1.0
68		2780		230491		3346		1.0
69		2756		233792		3343		1.0
70		2737		237054		3365		1.0
71		2715		240438		3354		1.0
72		2719		243770		3363		1.0
73		2693		247048		3344		1.0
74		2657		250421		3359		1.0
75		2656		253726		3350		1.0
76		2659		256997		3374		1.0
77		2622		260317		3356		1.0
78		2640		263658		3345		1.0
79		2644		266987		3357		1.0
80		2608		270289		3347		1.0
81		2640		273607		3372		1.0
82		2595		276924		3350		1.0
83		2599		280270		3345		1.0
84		2640		283608		3344		1.0
85		2644		286976		3347		1.0
86		2630		290319		3349		1.0
87		2608		293671		3360		1.0
88		2589		297046		3345		1.0
89		2559		300390		3366		1.0
90		2558		303706		3358		1.0
91		2588		307013		3360		1.0
92		2598		310319		3346		1.0
93		2543		313744		3358		1.0
94		2556		317082		3379		1.0
95		2564		320375		3363		1.0
96		2524		323755		3361		1.0
97		2532		327112		3383		1.0
98		2488		330428		3373		1.0
99		2465		333761		3381		1.0
100		2482		337071		3363		0.9
101		2497		340401		3371		0.80999994
102		2464		343748		3377		0.7289999
103		2450		347109		3368		0.6560999
104		2470		350390		3370		0.5904899
105		2446		353662		3353		0.5314409
106		2450		356961		3357		0.47829682
107		2408		360292		3357		0.43046713
108		2438		363600		3376		0.38742042
109		2445		366882		3375		0.34867835
110		2416		370175		3381		0.3138105
111		2405		373530		3363		0.28242943
112		2370		376879		3371		0.25418648
113		2389		380200		3345		0.22876783
114		2376		383512		3362		0.20589104
115		2329		386840		3365		0.18530193
116		2326		390156		3369		0.16677174
117		2298		393518		3375		0.15009457
118		2305		396870		3371		0.1350851
119		2313		400238		3382		0.12157659
120		2304		403576		3380		0.10941893
121		2309		406907		3379		0.098477036
122		2304		410238		3361		0.08862933
123		2305		413563		3387		0.07976639
124		2300		416895		3390		0.07178975
125		2271		420203		3371		0.06461077
126		2296		423499		3374		0.05814969
127		2273		426876		3368		0.052334722
128		2252		430236		3371		0.047101248
129		2229		433551		3367		0.04239112
130		2224		436915		3374		0.03815201
131		2228		440281		3372		0.03433681
132		2211		443585		3350		0.030903127
133		2187		446933		3372		0.027812814
134		2195		450250		3382		0.025031533
135		2201		453577		3366		0.022528378
136		2202		456858		3388		0.02027554
137		2181		460228		3371		0.018247986
138		2182		463611		3379		0.016423186
139		2165		466922		3377		0.014780867
140		2169		470280		3360		0.01330278
141		2159		473613		3376		0.011972502
142		2153		476972		3363		0.010775251
143		2134		480305		3376		0.009697726
144		2106		483686		3369		0.008727953
145		2097		487064		3383		0.007855157
146		2056		490400		3376		0.0070696413
147		2094		493742		3377		0.006362677
148		2091		497084		3386		0.005726409
149		2103		500427		3401		0.005153768
150		2105		503771		3382		0.004638391
151		2106		507102		3391		0.004174552
152		2127		510453		3379		0.0037570966
153		2132		513808		3381		0.0033813869
154		2110		517201		3388		0.003043248
155		2103		520583		3397		0.0027389233
156		2121		523944		3419		0.0024650309
157		2089		527252		3406		0.0022185277
158		2090		530587		3403		0.0019966748
159		2127		533955		3407		0.0017970073
160		2120		537303		3393		0.0016173065
161		2110		540673		3398		0.0014555758
162		2077		544052		3388		0.0013100182
163		2076		547373		3402		0.0011790164
164		2068		550721		3390		0.0010611147
165		2078		554040		3385		9.550032E-4
166		2070		557387		3393		8.595029E-4
167		2047		560706		3415		7.735526E-4
168		2044		564062		3399		6.9619727E-4
169		2050		567403		3385		6.2657753E-4
170		2063		570752		3405		5.639198E-4
171		2077		574084		3392		5.075278E-4
172		2036		577467		3402		4.56775E-4
173		2037		580774		3413		4.1109748E-4
174		2029		584099		3400		3.699877E-4
175		2033		587418		3412		3.3298894E-4
176		2014		590739		3403		2.9969003E-4
177		2002		594066		3404		2.6972103E-4
178		1994		597428		3399		2.4274892E-4
179		1993		600809		3384		2.1847403E-4
180		2006		604178		3382		1.9662663E-4
181		1991		607563		3397		1.7696396E-4
182		2016		610877		3396		1.5926757E-4
183		2026		614209		3387		1.433408E-4
184		2017		617533		3407		1.2900672E-4
185		2007		620802		3409		1.1610604E-4
186		2023		624165		3406		1.0449543E-4
187		2013		627491		3405		9.4045885E-5
188		1948		627760		3408		8.4641295E-5
189		1890		627982		3409		7.6177166E-5
190		1841		628164		3404		6.855945E-5
191		1816		628305		3413		6.1703504E-5
192		1792		628460		3417		5.5533153E-5
193		1777		628595		3403		4.9979837E-5
194		1746		628730		3411		4.498185E-5
195		1719		628859		3421		4.0483665E-5
196		1720		628950		3420		3.6435296E-5
197		1691		629054		3421		3.2791766E-5
198		1676		629172		3422		2.9512588E-5
199		1669		629281		3416		2.6561329E-5
200		1657		629379		3409		2.1514676E-5
201		1643		629458		3419		1.7426886E-5
202		1635		629542		3404		1.4115777E-5
203		1632		629637		3415		1.1433779E-5
204		1630		629727		3415		9.261361E-6
205		1620		629804		3411		7.501702E-6
206		1615		629871		3414		6.076378E-6
207		1609		629942		3420		4.921866E-6
208		1590		629998		3413		3.9867114E-6
209		1579		630073		3417		3.229236E-6
210		1560		630127		3408		2.615681E-6
211		1547		630178		3409		2.1187016E-6
212		1546		630221		3419		1.7161482E-6
213		1532		630282		3419		1.39008E-6
214		1534		630317		3417		1.1259648E-6
215		1528		630359		3421		9.1203145E-7
216		1524		630409		3429		7.387454E-7
217		1522		630452		3421		5.983838E-7
218		1512		630478		3423		4.846909E-7
219		1508		630512		3428		3.925996E-7
220		1510		630541		3423		3.1800565E-7
221		1509		630582		3426		2.5758456E-7
222		1506		630619		3425		2.0864348E-7
223		1491		630655		3430		1.6900121E-7
224		1488		630686		3429		1.3689097E-7
225		1496		630720		3432		1.10881686E-7
226		1484		630743		3426		8.981416E-8
227		1486		630762		3427		7.2749465E-8
228		1486		630784		3426		5.8927064E-8
229		1485		630809		3430		4.7730918E-8
230		1491		630840		3430		3.866204E-8
231		1484		630880		3429		3.131625E-8
232		1480		630899		3429		2.5366163E-8
233		1476		630926		3429		2.054659E-8
234		1475		630955		3433		1.6642737E-8
235		1473		630978		3429		1.3480617E-8
236		1469		631014		3427		1.0919299E-8
237		1467		631040		3430		8.844632E-9
238		1464		631063		3430		7.1641515E-9
239		1463		631079		3434		5.8029626E-9
240		1467		631107		3431		4.7003996E-9
241		1463		631118		3435		3.8073233E-9
242		1463		631129		3438		3.0839318E-9
243		1455		631143		3433		2.4979847E-9
244		1441		631153		3435		2.0233675E-9
245		1437		631170		3432		1.6389275E-9
246		1437		631181		3438		1.3275312E-9
247		1440		631188		3437		1.0753002E-9
248		1437		631198		3440		8.709931E-10
249		1427		631213		3442		7.055044E-10
250		1431		631234		3442		5.714585E-10
251		1430		631246		3441		4.6288134E-10
252		1425		631259		3439		3.7493386E-10
253		1419		631281		3437		3.036964E-10
254		1416		631288		3437		2.4599406E-10
255		1417		631297		3434		1.9925518E-10
256		1418		631313		3431		1.6139669E-10
257		1414		631331		3429		1.3073131E-10
258		1414		631346		3430		1.0589236E-10
259		1412		631362		3429		8.5772806E-11
260		1411		631376		3430		6.947597E-11
261		1408		631387		3430		5.627553E-11
262		1408		631395		3429		4.5583176E-11
263		1408		631399		3429		3.692237E-11
264		1404		631405		3428		2.990712E-11
265		1404		631410		3427		2.4224765E-11
266		1402		631416		3427		1.9622057E-11
267		1402		631426		3428		1.5893866E-11
268		1404		631431		3428		1.2874031E-11
269		1401		631439		3426		1.0427964E-11
270		1404		631448		3428		8.4466505E-12
271		1397		631458		3424		6.8417867E-12
272		1397		631461		3424		5.541847E-12
273		1398		631462		3423		4.488896E-12
274		1399		631464		3423		3.6360053E-12
275		1396		631468		3426		2.945164E-12
276		1396		631473		3427		2.3855828E-12
277		1395		631476		3428		1.932322E-12
278		1395		631481		3426		1.5651807E-12
279		1393		631487		3422		1.2677963E-12
280		1400		631501		3425		1.026915E-12
281		1393		631513		3423		8.318011E-13
282		1394		631530		3426		6.7375885E-13
283		1385		631549		3425		5.4574466E-13
284		1381		631558		3424		4.4205316E-13
285		1383		631573		3424		3.5806305E-13
286		1385		631594		3422		2.9003105E-13
287		1383		631608		3425		2.3492514E-13
288		1375		631622		3422		1.9028935E-13
289		1379		631630		3425		1.5413437E-13
290		1376		631640		3422		1.2484883E-13
291		1377		631652		3426		1.0112755E-13
292		1379		631668		3424		8.191331E-14
293		1382		631675		3422		6.634978E-14
294		1384		631690		3420		5.374332E-14
295		1383		631702		3422		4.3532086E-14
296		1381		631712		3422		3.526099E-14
297		1382		631724		3421		2.85614E-14
298		1381		631733		3422		2.3134731E-14
299		1379		631741		3423		1.8739132E-14
300		1378		631750		3422		1.3660826E-14
301		1378		631757		3419		9.958742E-15
302		1376		631762		3418		7.259922E-15
303		1373		631773		3421		5.2924825E-15
304		1365		631783		3419		3.8582194E-15
305		1363		631790		3421		2.8126417E-15
306		1360		631793		3422		2.0504156E-15
307		1360		631798		3421		1.4947529E-15
308		1358		631807		3423		1.0896747E-15
309		1352		631812		3421		7.943728E-16
310		1352		631814		3421		5.7909774E-16
311		1352		631815		3422		4.2216223E-16
312		1350		631820		3421		3.0775624E-16
313		1351		631826		3420		2.2435428E-16
314		1351		631832		3418		1.6355425E-16
315		1351		631833		3419		1.1923104E-16
316		1349		631836		3418		8.6919424E-17
317		1349		631836		3418		6.336426E-17
318		1346		631838		3420		4.619254E-17
319		1346		631841		3418		3.367436E-17
320		1346		631843		3418		2.4548606E-17
321		1346		631843		3418		1.7895932E-17
322		1346		631845		3418		1.3046133E-17
323		1346		631847		3418		9.51063E-18
324		1346		631848		3420		6.933249E-18
325		1346		631850		3420		5.054338E-18
326		1346		631853		3418		3.684612E-18
327		1346		631854		3420		2.6860819E-18
328		1346		631855		3418		1.9581536E-18
329		1346		631856		3420		1.4274939E-18
330		1346		631856		3420		1.0406429E-18
331		1345		631858		3419		7.5862864E-19
332		1346		631859		3418		5.5304024E-19
333		1346		631861		3418		4.031663E-19
334		1346		631862		3420		2.939082E-19
335		1346		631863		3418		2.1425906E-19
336		1346		631864		3420		1.5619485E-19
337		1345		631865		3421		1.1386604E-19
338		1344		631867		3420		8.300834E-20
339		1344		631869		3420		6.051307E-20
340		1345		631870		3419		4.4114024E-20
341		1345		631871		3421		3.215912E-20
342		1344		631872		3420		2.3443998E-20
343		1344		631872		3420		1.7090673E-20
344		1344		631872		3420		1.2459099E-20
345		1344		631872		3420		9.082683E-21
346		1344		631872		3420		6.6212755E-21
347		1344		631872		3420		4.8269095E-21
348		1344		631872		3420		3.5188166E-21
349		1344		631872		3420		2.5652171E-21
350		1344		631872		3420		1.8700431E-21
351		1343		631872		3420		1.3632613E-21
352		1343		631872		3420		9.938174E-22
353		1343		631872		3420		7.2449283E-22
354		1343		631872		3420		5.281552E-22
355		1343		631872		3420		3.8502514E-22
356		1343		631872		3420		2.806833E-22
357		1343		631872		3420		2.0461811E-22
358		1343		631872		3420		1.4916659E-22
359		1343		631872		3420		1.0874243E-22
360		1343		631872		3420		7.9273226E-23
361		1343		631872		3420		5.7790177E-23
362		1343		631872		3420		4.2129035E-23
363		1343		631872		3420		3.0712065E-23
364		1343		631872		3420		2.2389094E-23
365		1343		631872		3420		1.6321647E-23
366		1343		631872		3420		1.189848E-23
367		1343		631872		3420		8.673991E-24
368		1343		631872		3420		6.323339E-24
369		1343		631872		3420		4.609714E-24
370		1343		631872		3420		3.360481E-24
371		1343		631872		3420		2.4497906E-24
372		1343		631872		3420		1.7858973E-24
373		1343		631872		3420		1.301919E-24
374		1343		631872		3420		9.490989E-25
375		1343		631872		3420		6.9189304E-25
376		1343		631872		3420		5.0438997E-25
377		1343		631872		3420		3.6770027E-25
378		1343		631872		3420		2.6805348E-25
379		1343		631872		3420		1.9541098E-25
380		1343		631872		3420		1.424546E-25
381		1343		631872		3420		1.038494E-25
382		1343		631872		3420		7.5706205E-26
383		1343		631872		3420		5.518982E-26
384		1343		631872		3420		4.0233373E-26
385		1343		631872		3420		2.9330126E-26
386		1343		631872		3420		2.138166E-26
387		1343		631872		3420		1.5587229E-26
388		1343		631872		3420		1.1363089E-26
389		1343		631872		3420		8.283691E-27
390		1343		631872		3420		6.0388103E-27
391		1343		631872		3420		4.4022922E-27
392		1343		631872		3420		3.2092709E-27
393		1343		631872		3420		2.3395583E-27
394		1343		631872		3420		1.7055379E-27
395		1343		631872		3420		1.243337E-27
396		1343		631872		3420		9.063926E-28
397		1343		631872		3420		6.607602E-28
398		1343		631872		3420		4.8169415E-28
399		1343		631872		3420		3.51155E-28
400		1343		631872		3420		2.3039276E-28
401		1343		631872		3420		1.5116068E-28
402		1343		631872		3420		9.917651E-29
403		1343		631872		3420		6.50697E-29
404		1343		631872		3420		4.2692224E-29
405		1343		631872		3420		2.8010367E-29
406		1343		631872		3420		1.83776E-29
407		1343		631872		3420		1.2057542E-29
408		1343		631872		3420		7.910952E-30
409		1343		631872		3420		5.190375E-30
410		1343		631872		3420		3.405405E-30
411		1343		631872		3420		2.2342858E-30
412		1343		631872		3420		1.4659148E-30
413		1343		631872		3420		9.617866E-31
414		1343		631872		3420		6.310281E-31
415		1343		631872		3420		4.140175E-31
416		1343		631872		3420		2.7163683E-31
417		1343		631872		3420		1.7822091E-31
418		1343		631872		3420		1.1693073E-31
419		1343		631872		3420		7.671824E-32
420		1343		631872		3420		5.033483E-32
421		1343		631872		3420		3.302468E-32
422		1343		631872		3420		2.1667489E-32
423		1343		631872		3420		1.4216038E-32
424		1343		631872		3420		9.3271414E-33
425		1343		631872		3420		6.119537E-33
426		1343		631872		3420		4.0150277E-33
427		1343		631872		3420		2.6342593E-33
428		1343		631872		3420		1.7283374E-33
429		1343		631872		3420		1.133962E-33
430		1343		631872		3420		7.439924E-34
431		1343		631872		3420		4.8813335E-34
432		1343		631872		3420		3.2026426E-34
433		1343		631872		3420		2.1012535E-34
434		1343		631872		3420		1.3786323E-34
435		1343		631872		3420		9.045206E-35
436		1343		631872		3420		5.934559E-35
437		1343		631872		3420		3.8936638E-35
438		1343		631872		3420		2.5546325E-35
439		1343		631872		3420		1.6760942E-35
440		1343		631872		3420		1.0996853E-35
441		1343		631872		3420		7.215034E-36
442		1343		631872		3420		4.7337833E-36
443		1343		631872		3420		3.105835E-36
444		1343		631872		3420		2.037738E-36
445		1343		631872		3420		1.3369598E-36
446		1343		631872		3420		8.771792E-37
447		1343		631872		3420		5.7551723E-37
448		1343		631872		3420		3.775968E-37
449		1343		631872		3420		2.4774123E-37
450		1343		631872		3420		1.62543E-37
451		1343		631872		3420		1.0664445E-37
452		1343		631872		3420		6.9969416E-38
453		1343		631872		3420		4.590693E-38
454		1343		631872		3420		3.0119534E-38
455		1343		631872		3420		1.9761425E-38
456		1343		631872		3420		1.2965469E-38
457		1343		631872		3420		8.506644E-39
458		1343		631872		3420		5.581208E-39
459		1343		631872		3420		3.66183E-39
460		1343		631872		3420		2.402526E-39
461		1343		631872		3420		1.576297E-39
462		1343		631872		3420		1.034209E-39
463		1343		631872		3420		6.78544E-40
464		1343		631872		3420		4.45193E-40
465		1343		631872		3420		2.92091E-40
466		1343		631872		3420		1.9164E-40
467		1343		631872		3420		1.25736E-40
468		1343		631872		3420		8.2496E-41
469		1343		631872		3420		5.4125E-41
470		1343		631872		3420		3.5512E-41
471		1343		631872		3420		2.33E-41
472		1343		631872		3420		1.5287E-41
473		1343		631872		3420		1.0029E-41
474		1343		631872		3420		6.58E-42
475		1343		631872		3420		4.317E-42
476		1343		631872		3420		2.832E-42
477		1343		631872		3420		1.858E-42
478		1343		631872		3420		1.219E-42
479		1343		631872		3420		8.0E-43
480		1343		631872		3420		5.25E-43
481		1343		631872		3420		3.45E-43
482		1343		631872		3420		2.26E-43
483		1343		631872		3420		1.49E-43
484		1343		631872		3420		9.8E-44
485		1343		631872		3420		6.4E-44
486		1343		631872		3420		4.2E-44
487		1343		631872		3420		2.8E-44
488		1343		631872		3420		1.8E-44
489		1343		631872		3420		1.3E-44
490		1343		631872		3420		8.4E-45
491		1343		631872		3420		5.6E-45
492		1343		631872		3420		4.2E-45
493		1343		631872		3420		2.8E-45
494		1343		631872		3420		1.4E-45
495		1343		631872		3420		1.4E-45
496		1343		631872		3420		1.4E-45
497		1343		631872		3420		1.4E-45
498		1343		631872		3420		1.4E-45
499		1343		631872		3420		1.4E-45
500		1343		631872		3420		1.4E-45
501		1343		631872		3420		1.4E-45
502		1343		631872		3420		1.4E-45
503		1343		631872		3420		1.4E-45
504		1343		631872		3420		1.4E-45
505		1343		631872		3420		1.4E-45
506		1343		631872		3420		1.4E-45
507		1343		631872		3420		1.4E-45
508		1343		631872		3420		1.4E-45
509		1343		631872		3420		1.4E-45
510		1343		631872		3420		1.4E-45
511		1343		631872		3420		1.4E-45
512		1343		631872		3420		1.4E-45
513		1343		631872		3420		1.4E-45
514		1343		631872		3420		1.4E-45
515		1343		631872		3420		1.4E-45
516		1343		631872		3420		1.4E-45
517		1343		631872		3420		1.4E-45
518		1343		631872		3420		1.4E-45
519		1343		631872		3420		1.4E-45
520		1343		631872		3420		1.4E-45
521		1343		631872		3420		1.4E-45
522		1343		631872		3420		1.4E-45
523		1343		631872		3420		1.4E-45
524		1343		631872		3420		1.4E-45
525		1343		631872		3420		1.4E-45
526		1343		631872		3420		1.4E-45
527		1343		631872		3420		1.4E-45
528		1343		631872		3420		1.4E-45
529		1343		631872		3420		1.4E-45
530		1343		631872		3420		1.4E-45
531		1343		631872		3420		1.4E-45
532		1343		631872		3420		1.4E-45
533		1343		631872		3420		1.4E-45
534		1343		631872		3420		1.4E-45
535		1343		631872		3420		1.4E-45
536		1343		631872		3420		1.4E-45
537		1343		631872		3420		1.4E-45
538		1343		631872		3420		1.4E-45
539		1343		631872		3420		1.4E-45
540		1343		631872		3420		1.4E-45
541		1343		631872		3420		1.4E-45
542		1343		631872		3420		1.4E-45
543		1343		631872		3420		1.4E-45
544		1343		631872		3420		1.4E-45
545		1343		631872		3420		1.4E-45
546		1343		631872		3420		1.4E-45
547		1343		631872		3420		1.4E-45
548		1343		631872		3420		1.4E-45
549		1343		631872		3420		1.4E-45
550		1343		631872		3420		1.4E-45
551		1343		631872		3420		1.4E-45
552		1343		631872		3420		1.4E-45
553		1343		631872		3420		1.4E-45
554		1343		631872		3420		1.4E-45
555		1343		631872		3420		1.4E-45
556		1343		631872		3420		1.4E-45
557		1343		631872		3420		1.4E-45
558		1343		631872		3420		1.4E-45
559		1343		631872		3420		1.4E-45
560		1343		631872		3420		1.4E-45
561		1343		631872		3420		1.4E-45
562		1343		631872		3420		1.4E-45
563		1343		631872		3420		1.4E-45
564		1343		631872		3420		1.4E-45
565		1343		631872		3420		1.4E-45
566		1343		631872		3420		1.4E-45
567		1343		631872		3420		1.4E-45
568		1343		631872		3420		1.4E-45
569		1343		631872		3420		1.4E-45
570		1343		631872		3420		1.4E-45
571		1343		631872		3420		1.4E-45
572		1343		631872		3420		1.4E-45
573		1343		631872		3420		1.4E-45
574		1343		631872		3420		1.4E-45
575		1343		631872		3420		1.4E-45
576		1343		631872		3420		1.4E-45
577		1343		631872		3420		1.4E-45
578		1343		631872		3420		1.4E-45
579		1343		631872		3420		1.4E-45
580		1343		631872		3420		1.4E-45
581		1343		631872		3420		1.4E-45
582		1343		631872		3420		1.4E-45
583		1343		631872		3420		1.4E-45
584		1343		631872		3420		1.4E-45
585		1343		631872		3420		1.4E-45
586		1343		631872		3420		1.4E-45
587		1343		631872		3420		1.4E-45
588		1343		631872		3420		1.4E-45
589		1343		631872		3420		1.4E-45
590		1343		631872		3420		1.4E-45
591		1343		631872		3420		1.4E-45
592		1343		631872		3420		1.4E-45
593		1343		631872		3420		1.4E-45
594		1343		631872		3420		1.4E-45
595		1343		631872		3420		1.4E-45
596		1343		631872		3420		1.4E-45
597		1343		631872		3420		1.4E-45
598		1343		631872		3420		1.4E-45
599		1343		631872		3420		1.4E-45
600		1343		631872		3420		1.4E-45
601		1343		631872		3420		1.4E-45
602		1343		631872		3420		1.4E-45
603		1343		631872		3420		1.4E-45
604		1343		631872		3420		1.4E-45
605		1343		631872		3420		1.4E-45
606		1343		631872		3420		1.4E-45
607		1343		631872		3420		1.4E-45
608		1343		631872		3420		1.4E-45
609		1343		631872		3420		1.4E-45
610		1343		631872		3420		1.4E-45
611		1343		631872		3420		1.4E-45
612		1343		631872		3420		1.4E-45
613		1343		631872		3420		1.4E-45
614		1343		631872		3420		1.4E-45
615		1343		631872		3420		1.4E-45
616		1343		631872		3420		1.4E-45
617		1343		631872		3420		1.4E-45
618		1343		631872		3420		1.4E-45
619		1343		631872		3420		1.4E-45
620		1343		631872		3420		1.4E-45
621		1343		631872		3420		1.4E-45
622		1343		631872		3420		1.4E-45
623		1343		631872		3420		1.4E-45
624		1343		631872		3420		1.4E-45
625		1343		631872		3420		1.4E-45
626		1343		631872		3420		1.4E-45
627		1343		631872		3420		1.4E-45
628		1343		631872		3420		1.4E-45
629		1343		631872		3420		1.4E-45
630		1343		631872		3420		1.4E-45
631		1343		631872		3420		1.4E-45
632		1343		631872		3420		1.4E-45
633		1343		631872		3420		1.4E-45
634		1343		631872		3420		1.4E-45
635		1343		631872		3420		1.4E-45
636		1343		631872		3420		1.4E-45
637		1343		631872		3420		1.4E-45
638		1343		631872		3420		1.4E-45
639		1343		631872		3420		1.4E-45
640		1343		631872		3420		1.4E-45
641		1343		631872		3420		1.4E-45
642		1343		631872		3420		1.4E-45
643		1343		631872		3420		1.4E-45
644		1343		631872		3420		1.4E-45
645		1343		631872		3420		1.4E-45
646		1343		631872		3420		1.4E-45
647		1343		631872		3420		1.4E-45
648		1343		631872		3420		1.4E-45
649		1343		631872		3420		1.4E-45
650		1343		631872		3420		1.4E-45
651		1343		631872		3420		1.4E-45
652		1343		631872		3420		1.4E-45
653		1343		631872		3420		1.4E-45
654		1343		631872		3420		1.4E-45
655		1343		631872		3420		1.4E-45
656		1343		631872		3420		1.4E-45
657		1343		631872		3420		1.4E-45
658		1343		631872		3420		1.4E-45
659		1343		631872		3420		1.4E-45
660		1343		631872		3420		1.4E-45
661		1343		631872		3420		1.4E-45
662		1343		631872		3420		1.4E-45
663		1343		631872		3420		1.4E-45
664		1343		631872		3420		1.4E-45
665		1343		631872		3420		1.4E-45
666		1343		631872		3420		1.4E-45
667		1343		631872		3420		1.4E-45
668		1343		631872		3420		1.4E-45
669		1343		631872		3420		1.4E-45
670		1343		631872		3420		1.4E-45
671		1343		631872		3420		1.4E-45
672		1343		631872		3420		1.4E-45
673		1343		631872		3420		1.4E-45
674		1343		631872		3420		1.4E-45
675		1343		631872		3420		1.4E-45
676		1343		631872		3420		1.4E-45
677		1343		631872		3420		1.4E-45
678		1343		631872		3420		1.4E-45
679		1343		631872		3420		1.4E-45
680		1343		631872		3420		1.4E-45
681		1343		631872		3420		1.4E-45
682		1343		631872		3420		1.4E-45
683		1343		631872		3420		1.4E-45
684		1343		631872		3420		1.4E-45
685		1343		631872		3420		1.4E-45
686		1343		631872		3420		1.4E-45
687		1343		631872		3420		1.4E-45
688		1343		631872		3420		1.4E-45
689		1343		631872		3420		1.4E-45
690		1343		631872		3420		1.4E-45
691		1343		631872		3420		1.4E-45
692		1343		631872		3420		1.4E-45
693		1343		631872		3420		1.4E-45
694		1343		631872		3420		1.4E-45
695		1343		631872		3420		1.4E-45
696		1343		631872		3420		1.4E-45
697		1343		631872		3420		1.4E-45
698		1343		631872		3420		1.4E-45
699		1343		631872		3420		1.4E-45
700		1343		631872		3420		0.0
701		1343		631872		3420		0.0
702		1343		631872		3420		0.0
703		1343		631872		3420		0.0
704		1343		631872		3420		0.0
705		1343		631872		3420		0.0
706		1343		631872		3420		0.0
707		1343		631872		3420		0.0
708		1343		631872		3420		0.0
709		1343		631872		3420		0.0
710		1343		631872		3420		0.0
711		1343		631872		3420		0.0
712		1343		631872		3420		0.0
713		1343		631872		3420		0.0
714		1343		631872		3420		0.0
715		1343		631872		3420		0.0
716		1343		631872		3420		0.0
717		1343		631872		3420		0.0
718		1343		631872		3420		0.0
719		1343		631872		3420		0.0
720		1343		631872		3420		0.0
721		1343		631872		3420		0.0
722		1343		631872		3420		0.0
723		1343		631872		3420		0.0
724		1343		631872		3420		0.0
725		1343		631872		3420		0.0
726		1343		631872		3420		0.0
727		1343		631872		3420		0.0
728		1343		631872		3420		0.0
729		1343		631872		3420		0.0
730		1343		631872		3420		0.0
731		1343		631872		3420		0.0
732		1343		631872		3420		0.0
733		1343		631872		3420		0.0
734		1343		631872		3420		0.0
735		1343		631872		3420		0.0
736		1343		631872		3420		0.0
737		1343		631872		3420		0.0
738		1343		631872		3420		0.0
739		1343		631872		3420		0.0
740		1343		631872		3420		0.0
741		1343		631872		3420		0.0
742		1343		631872		3420		0.0
743		1343		631872		3420		0.0
744		1343		631872		3420		0.0
745		1343		631872		3420		0.0
746		1343		631872		3420		0.0
747		1343		631872		3420		0.0
748		1343		631872		3420		0.0
749		1343		631872		3420		0.0
750		1343		631872		3420		0.0
751		1343		631872		3420		0.0
752		1343		631872		3420		0.0
753		1343		631872		3420		0.0
754		1343		631872		3420		0.0
755		1343		631872		3420		0.0
756		1343		631872		3420		0.0
757		1343		631872		3420		0.0
758		1343		631872		3420		0.0
759		1343		631872		3420		0.0
760		1343		631872		3420		0.0
761		1343		631872		3420		0.0
762		1343		631872		3420		0.0
763		1343		631872		3420		0.0
764		1343		631872		3420		0.0
765		1343		631872		3420		0.0
766		1343		631872		3420		0.0
767		1343		631872		3420		0.0
768		1343		631872		3420		0.0
769		1343		631872		3420		0.0
770		1343		631872		3420		0.0
771		1343		631872		3420		0.0
772		1343		631872		3420		0.0
773		1343		631872		3420		0.0
774		1343		631872		3420		0.0
775		1343		631872		3420		0.0
776		1343		631872		3420		0.0
777		1343		631872		3420		0.0
778		1343		631872		3420		0.0
779		1343		631872		3420		0.0
780		1343		631872		3420		0.0
781		1343		631872		3420		0.0
782		1343		631872		3420		0.0
783		1343		631872		3420		0.0
784		1343		631872		3420		0.0
785		1343		631872		3420		0.0
786		1343		631872		3420		0.0
787		1343		631872		3420		0.0
788		1343		631872		3420		0.0
789		1343		631872		3420		0.0
790		1343		631872		3420		0.0
791		1343		631872		3420		0.0
792		1343		631872		3420		0.0
793		1343		631872		3420		0.0
794		1343		631872		3420		0.0
795		1343		631872		3420		0.0
796		1343		631872		3420		0.0
797		1343		631872		3420		0.0
798		1343		631872		3420		0.0
799		1343		631872		3420		0.0
800		1343		631872		3420		0.0
801		1343		631872		3420		0.0
802		1343		631872		3420		0.0
803		1343		631872		3420		0.0
804		1343		631872		3420		0.0
805		1343		631872		3420		0.0
806		1343		631872		3420		0.0
807		1343		631872		3420		0.0
808		1343		631872		3420		0.0
809		1343		631872		3420		0.0
810		1343		631872		3420		0.0
811		1343		631872		3420		0.0
812		1343		631872		3420		0.0
813		1343		631872		3420		0.0
814		1343		631872		3420		0.0
815		1343		631872		3420		0.0
816		1343		631872		3420		0.0
817		1343		631872		3420		0.0
818		1343		631872		3420		0.0
819		1343		631872		3420		0.0
820		1343		631872		3420		0.0
821		1343		631872		3420		0.0
822		1343		631872		3420		0.0
823		1343		631872		3420		0.0
824		1343		631872		3420		0.0
825		1343		631872		3420		0.0
826		1343		631872		3420		0.0
827		1343		631872		3420		0.0
828		1343		631872		3420		0.0
829		1343		631872		3420		0.0
830		1343		631872		3420		0.0
831		1343		631872		3420		0.0
832		1343		631872		3420		0.0
833		1343		631872		3420		0.0
834		1343		631872		3420		0.0
835		1343		631872		3420		0.0
836		1343		631872		3420		0.0
837		1343		631872		3420		0.0
838		1343		631872		3420		0.0
839		1343		631872		3420		0.0
840		1343		631872		3420		0.0
841		1343		631872		3420		0.0
842		1343		631872		3420		0.0
843		1343		631872		3420		0.0
844		1343		631872		3420		0.0
845		1343		631872		3420		0.0
846		1343		631872		3420		0.0
847		1343		631872		3420		0.0
848		1343		631872		3420		0.0
849		1343		631872		3420		0.0
850		1343		631872		3420		0.0
851		1343		631872		3420		0.0
852		1343		631872		3420		0.0
853		1343		631872		3420		0.0
854		1343		631872		3420		0.0
855		1343		631872		3420		0.0
856		1343		631872		3420		0.0
857		1343		631872		3420		0.0
858		1343		631872		3420		0.0
859		1343		631872		3420		0.0
860		1343		631872		3420		0.0
861		1343		631872		3420		0.0
862		1343		631872		3420		0.0
863		1343		631872		3420		0.0
864		1343		631872		3420		0.0
865		1343		631872		3420		0.0
866		1343		631872		3420		0.0
867		1343		631872		3420		0.0
868		1343		631872		3420		0.0
869		1343		631872		3420		0.0
870		1343		631872		3420		0.0
871		1343		631872		3420		0.0
872		1343		631872		3420		0.0
873		1343		631872		3420		0.0
874		1343		631872		3420		0.0
875		1343		631872		3420		0.0
876		1343		631872		3420		0.0
877		1343		631872		3420		0.0
878		1343		631872		3420		0.0
879		1343		631872		3420		0.0
880		1343		631872		3420		0.0
881		1343		631872		3420		0.0
882		1343		631872		3420		0.0
883		1343		631872		3420		0.0
884		1343		631872		3420		0.0
885		1343		631872		3420		0.0
886		1343		631872		3420		0.0
887		1343		631872		3420		0.0
888		1343		631872		3420		0.0
889		1343		631872		3420		0.0
890		1343		631872		3420		0.0
891		1343		631872		3420		0.0
892		1343		631872		3420		0.0
893		1343		631872		3420		0.0
894		1343		631872		3420		0.0
895		1343		631872		3420		0.0
896		1343		631872		3420		0.0
897		1343		631872		3420		0.0
898		1343		631872		3420		0.0
899		1343		631872		3420		0.0
900		1343		631872		3420		0.0
901		1343		631872		3420		0.0
902		1343		631872		3420		0.0
903		1343		631872		3420		0.0
904		1343		631872		3420		0.0
905		1343		631872		3420		0.0
906		1343		631872		3420		0.0
907		1343		631872		3420		0.0
908		1343		631872		3420		0.0
909		1343		631872		3420		0.0
910		1343		631872		3420		0.0
911		1343		631872		3420		0.0
912		1343		631872		3420		0.0
913		1343		631872		3420		0.0
914		1343		631872		3420		0.0
915		1343		631872		3420		0.0
916		1343		631872		3420		0.0
917		1343		631872		3420		0.0
918		1343		631872		3420		0.0
919		1343		631872		3420		0.0
920		1343		631872		3420		0.0
921		1343		631872		3420		0.0
922		1343		631872		3420		0.0
923		1343		631872		3420		0.0
924		1343		631872		3420		0.0
925		1343		631872		3420		0.0
926		1343		631872		3420		0.0
927		1343		631872		3420		0.0
928		1343		631872		3420		0.0
929		1343		631872		3420		0.0
930		1343		631872		3420		0.0
931		1343		631872		3420		0.0
932		1343		631872		3420		0.0
933		1343		631872		3420		0.0
934		1343		631872		3420		0.0
935		1343		631872		3420		0.0
936		1343		631872		3420		0.0
937		1343		631872		3420		0.0
938		1343		631872		3420		0.0
939		1343		631872		3420		0.0
940		1343		631872		3420		0.0
941		1343		631872		3420		0.0
942		1343		631872		3420		0.0
943		1343		631872		3420		0.0
944		1343		631872		3420		0.0
945		1343		631872		3420		0.0
946		1343		631872		3420		0.0
947		1343		631872		3420		0.0
948		1343		631872		3420		0.0
949		1343		631872		3420		0.0
950		1343		631872		3420		0.0
951		1343		631872		3420		0.0
952		1343		631872		3420		0.0
953		1343		631872		3420		0.0
954		1343		631872		3420		0.0
955		1343		631872		3420		0.0
956		1343		631872		3420		0.0
957		1343		631872		3420		0.0
958		1343		631872		3420		0.0
959		1343		631872		3420		0.0
960		1343		631872		3420		0.0
961		1343		631872		3420		0.0
962		1343		631872		3420		0.0
963		1343		631872		3420		0.0
964		1343		631872		3420		0.0
965		1343		631872		3420		0.0
966		1343		631872		3420		0.0
967		1343		631872		3420		0.0
968		1343		631872		3420		0.0
969		1343		631872		3420		0.0
970		1343		631872		3420		0.0
971		1343		631872		3420		0.0
972		1343		631872		3420		0.0
973		1343		631872		3420		0.0
974		1343		631872		3420		0.0
975		1343		631872		3420		0.0
976		1343		631872		3420		0.0
977		1343		631872		3420		0.0
978		1343		631872		3420		0.0
979		1343		631872		3420		0.0
980		1343		631872		3420		0.0
981		1343		631872		3420		0.0
982		1343		631872		3420		0.0
983		1343		631872		3420		0.0
984		1343		631872		3420		0.0
985		1343		631872		3420		0.0
986		1343		631872		3420		0.0
987		1343		631872		3420		0.0
988		1343		631872		3420		0.0
989		1343		631872		3420		0.0
990		1343		631872		3420		0.0
991		1343		631872		3420		0.0
992		1343		631872		3420		0.0
993		1343		631872		3420		0.0
994		1343		631872		3420		0.0
995		1343		631872		3420		0.0
996		1343		631872		3420		0.0
997		1343		631872		3420		0.0
998		1343		631872		3420		0.0
999		1343		631872		3420		0.0
