# Migration is number of nodes that have changed color.

Round		Edge-Cut		Swaps		Migrations		T		Skipped
0		8887		3642		3002		0.9
1		8168		7269		3099		0.80999994
2		7737		10912		3172		0.7289999
3		7482		14541		3228		0.6560999
4		7223		18138		3220		0.5904899
5		7030		21746		3250		0.5314409
6		6818		25346		3242		0.47829682
7		6687		29005		3264		0.43046713
8		6603		32613		3262		0.38742042
9		6444		36215		3267		0.34867835
10		6326		39793		3260		0.3138105
11		6170		43353		3290		0.28242943
12		6094		46896		3270		0.25418648
13		5904		50487		3325		0.22876783
14		5839		54100		3298		0.20589104
15		5735		57723		3314		0.18530193
16		5670		61336		3306		0.16677174
17		5581		64968		3309		0.15009457
18		5527		68568		3310		0.1350851
19		5484		72147		3308		0.12157659
20		5367		75734		3274		0.10941893
21		5355		79309		3271		0.098477036
22		5279		82925		3316		0.08862933
23		5258		86535		3318		0.07976639
24		5213		90104		3322		0.07178975
25		5221		93717		3331		0.06461077
26		5156		97296		3339		0.05814969
27		5089		100866		3333		0.052334722
28		5069		104437		3353		0.047101248
29		4993		108046		3352		0.04239112
30		4919		111622		3355		0.03815201
31		4919		115209		3362		0.03433681
32		4931		118805		3354		0.030903127
33		4866		122432		3365		0.027812814
34		4808		126003		3362		0.025031533
35		4823		129600		3347		0.022528378
36		4810		133186		3376		0.02027554
37		4785		136760		3375		0.018247986
38		4694		140305		3429		0.016423186
39		4669		143916		3400		0.014780867
40		4696		147537		3382		0.01330278
41		4665		151111		3398		0.011972502
42		4663		154729		3385		0.010775251
43		4577		158337		3391		0.009697726
44		4523		161942		3381		0.008727953
45		4518		165570		3387		0.007855157
46		4457		169225		3390		0.0070696413
47		4441		172824		3414		0.006362677
48		4479		176424		3376		0.005726409
49		4502		180029		3381		0.005153768
50		4411		183635		3400		0.004638391
51		4435		187203		3427		0.004174552
52		4427		190780		3432		0.0037570966
53		4391		194396		3408		0.0033813869
54		4398		198010		3429		0.003043248
55		4342		201609		3397		0.0027389233
56		4290		205157		3385		0.0024650309
57		4268		208795		3378		0.0022185277
58		4203		212388		3378		0.0019966748
59		4168		216011		3396		0.0017970073
60		4157		219594		3354		0.0016173065
61		4098		223176		3368		0.0014555758
62		4079		226770		3353		0.0013100182
63		4064		230363		3390		0.0011790164
64		4045		233963		3366		0.0010611147
65		4001		237520		3354		9.550032E-4
66		3975		241076		3375		8.595029E-4
67		3958		244697		3390		7.735526E-4
68		3946		248288		3350		6.9619727E-4
69		3963		251892		3363		6.2657753E-4
70		3993		255440		3380		5.639198E-4
71		4047		259051		3360		5.075278E-4
72		3998		262692		3391		4.56775E-4
73		3952		266275		3375		4.1109748E-4
74		3926		269865		3392		3.699877E-4
75		3873		273451		3418		3.3298894E-4
76		3860		277002		3380		2.9969003E-4
77		3869		280560		3393		2.6972103E-4
78		3833		284174		3393		2.4274892E-4
79		3837		287754		3379		2.1847403E-4
80		3823		291325		3391		1.9662663E-4
81		3791		294915		3388		1.7696396E-4
82		3777		298482		3381		1.5926757E-4
83		3760		302080		3365		1.433408E-4
84		3780		305670		3369		1.2900672E-4
85		3783		309269		3391		1.1610604E-4
86		3809		312826		3404		1.0449543E-4
87		3766		316427		3399		9.4045885E-5
88		3507		316946		3395		8.4641295E-5
89		3359		317396		3385		7.6177166E-5
90		3232		317775		3380		6.855945E-5
91		3152		318090		3386		6.1703504E-5
92		3098		318390		3395		5.5533153E-5
93		3032		318674		3386		4.9979837E-5
94		2947		318947		3392		4.498185E-5
95		2866		319161		3390		4.0483665E-5
96		2811		319358		3395		3.6435296E-5
97		2778		319540		3402		3.2791766E-5
98		2760		319710		3394		2.9512588E-5
99		2732		319853		3400		2.6561329E-5
100		2699		320002		3382		2.3905195E-5
101		2641		320117		3389		2.1514676E-5
102		2627		320226		3391		1.9363208E-5
103		2604		320327		3389		1.7426886E-5
104		2578		320434		3380		1.5684198E-5
105		2586		320532		3383		1.4115778E-5
106		2564		320622		3383		1.2704199E-5
107		2542		320699		3378		1.1433779E-5
108		2536		320774		3379		1.02904005E-5
109		2519		320860		3382		9.26136E-6
110		2517		320945		3390		8.335223E-6
111		2498		321042		3398		7.501701E-6
112		2472		321111		3390		6.7515307E-6
113		2459		321160		3389		6.0763773E-6
114		2441		321215		3385		5.4687393E-6
115		2444		321265		3391		4.921865E-6
116		2434		321331		3382		4.4296785E-6
117		2433		321395		3385		3.9867105E-6
118		2429		321436		3392		3.5880394E-6
119		2439		321483		3382		3.2292353E-6
120		2413		321527		3387		2.9063117E-6
121		2419		321564		3387		2.6156804E-6
122		2403		321621		3377		2.3541122E-6
123		2400		321677		3388		2.1187009E-6
124		2402		321743		3379		1.9068308E-6
125		2383		321785		3373		1.7161477E-6
126		2397		321848		3374		1.5445329E-6
127		2374		321914		3379		1.3900795E-6
128		2361		321957		3373		1.2510716E-6
129		2356		321999		3383		1.1259644E-6
130		2353		322048		3379		1.013368E-6
131		2353		322087		3372		9.1203117E-7
132		2335		322128		3378		8.20828E-7
133		2329		322174		3383		7.387452E-7
134		2324		322207		3373		6.6487064E-7
135		2314		322248		3379		5.9838356E-7
136		2314		322273		3382		5.385452E-7
137		2305		322292		3376		4.8469064E-7
138		2303		322310		3378		4.3622157E-7
139		2294		322338		3380		3.925994E-7
140		2293		322358		3381		3.5333943E-7
141		2285		322394		3381		3.1800548E-7
142		2279		322408		3376		2.862049E-7
143		2272		322422		3382		2.5758442E-7
144		2273		322433		3382		2.3182596E-7
145		2275		322442		3384		2.0864336E-7
146		2277		322458		3380		1.8777902E-7
147		2270		322473		3379		1.6900111E-7
148		2268		322487		3380		1.52101E-7
149		2258		322510		3382		1.3689089E-7
150		2258		322522		3380		1.232018E-7
151		2256		322530		3379		1.10881615E-7
152		2257		322536		3380		9.979345E-8
153		2250		322541		3381		8.981411E-8
154		2247		322547		3381		8.083269E-8
155		2251		322566		3382		7.274942E-8
156		2246		322579		3386		6.547448E-8
157		2246		322592		3383		5.8927032E-8
158		2247		322607		3381		5.3034327E-8
159		2243		322621		3378		4.7730893E-8
160		2239		322637		3378		4.29578E-8
161		2235		322646		3377		3.866202E-8
162		2229		322659		3380		3.4795818E-8
163		2229		322666		3374		3.1316237E-8
164		2231		322672		3377		2.8184612E-8
165		2233		322686		3377		2.536615E-8
166		2230		322702		3379		2.2829534E-8
167		2233		322727		3385		2.054658E-8
168		2226		322751		3379		1.849192E-8
169		2216		322773		3377		1.6642728E-8
170		2218		322785		3378		1.4978454E-8
171		2215		322801		3374		1.3480609E-8
172		2210		322817		3376		1.2132547E-8
173		2214		322837		3382		1.0919292E-8
174		2214		322855		3377		9.827363E-9
175		2207		322877		3379		8.844626E-9
176		2206		322887		3379		7.960163E-9
177		2209		322902		3380		7.1641466E-9
178		2210		322915		3378		6.4477317E-9
179		2205		322929		3378		5.8029586E-9
180		2204		322936		3377		5.2226627E-9
181		2201		322953		3383		4.7003965E-9
182		2204		322969		3384		4.230357E-9
183		2202		322979		3382		3.807321E-9
184		2203		322993		3383		3.426589E-9
185		2204		323010		3382		3.08393E-9
186		2202		323027		3381		2.775537E-9
187		2202		323040		3382		2.4979832E-9
188		2197		323057		3385		2.2481847E-9
189		2195		323069		3385		2.0233661E-9
190		2196		323086		3382		1.8210294E-9
191		2190		323099		3383		1.6389264E-9
192		2196		323129		3384		1.4750338E-9
193		2187		323146		3387		1.3275303E-9
194		2188		323151		3385		1.1947773E-9
195		2187		323159		3388		1.0752995E-9
196		2187		323170		3387		9.677695E-10
197		2183		323175		3385		8.7099256E-10
198		2185		323181		3383		7.838933E-10
199		2185		323194		3391		7.0550393E-10
200		2184		323203		3388		6.3495353E-10
201		2185		323214		3390		5.7145816E-10
202		2177		323219		3389		5.143123E-10
203		2178		323219		3389		4.6288107E-10
204		2176		323220		3390		4.1659295E-10
205		2176		323223		3390		3.7493364E-10
206		2177		323226		3392		3.3744027E-10
207		2176		323228		3394		3.0369623E-10
208		2177		323234		3392		2.733266E-10
209		2179		323235		3392		2.4599395E-10
210		2179		323239		3392		2.2139454E-10
211		2176		323242		3391		1.9925508E-10
212		2174		323247		3390		1.7932957E-10
213		2176		323258		3393		1.613966E-10
214		2175		323267		3390		1.4525695E-10
215		2174		323278		3391		1.3073125E-10
216		2175		323291		3391		1.1765812E-10
217		2176		323296		3392		1.058923E-10
218		2174		323305		3391		9.530307E-11
219		2172		323313		3392		8.5772764E-11
220		2172		323319		3392		7.7195486E-11
221		2174		323328		3387		6.947594E-11
222		2169		323337		3392		6.2528344E-11
223		2168		323341		3391		5.627551E-11
224		2165		323349		3391		5.0647958E-11
225		2166		323354		3395		4.5583162E-11
226		2164		323361		3393		4.1024843E-11
227		2165		323367		3394		3.6922358E-11
228		2166		323374		3392		3.323012E-11
229		2159		323380		3393		2.9907108E-11
230		2158		323388		3397		2.6916396E-11
231		2157		323391		3396		2.4224756E-11
232		2160		323396		3394		2.180228E-11
233		2155		323402		3394		1.9622052E-11
234		2151		323406		3391		1.7659846E-11
235		2152		323407		3392		1.5893861E-11
236		2151		323412		3392		1.4304474E-11
237		2152		323412		3392		1.28740265E-11
238		2151		323414		3392		1.1586623E-11
239		2150		323424		3393		1.0427961E-11
240		2149		323428		3392		9.3851645E-12
241		2148		323432		3393		8.446648E-12
242		2149		323434		3393		7.601983E-12
243		2150		323437		3391		6.841785E-12
244		2150		323437		3391		6.157606E-12
245		2150		323439		3391		5.541845E-12
246		2148		323440		3392		4.9876605E-12
247		2147		323443		3393		4.4888945E-12
248		2147		323446		3392		4.040005E-12
249		2147		323450		3392		3.6360043E-12
250		2148		323453		3394		3.2724038E-12
251		2151		323457		3393		2.9451634E-12
252		2151		323464		3394		2.650647E-12
253		2151		323469		3394		2.3855824E-12
254		2151		323473		3394		2.147024E-12
255		2152		323475		3395		1.9323217E-12
256		2150		323487		3393		1.7390894E-12
257		2151		323493		3393		1.5651805E-12
258		2151		323501		3392		1.4086624E-12
259		2150		323506		3391		1.2677961E-12
260		2149		323511		3391		1.1410164E-12
261		2150		323515		3390		1.0269148E-12
262		2149		323516		3391		9.242233E-13
263		2147		323524		3392		8.3180094E-13
264		2147		323529		3392		7.4862084E-13
265		2148		323538		3392		6.7375874E-13
266		2148		323542		3390		6.0638284E-13
267		2147		323548		3389		5.4574455E-13
268		2148		323551		3388		4.911701E-13
269		2145		323555		3388		4.4205308E-13
270		2142		323561		3386		3.9784777E-13
271		2144		323564		3389		3.5806297E-13
272		2144		323573		3390		3.2225665E-13
273		2140		323584		3387		2.90031E-13
274		2139		323594		3386		2.6102788E-13
275		2141		323601		3390		2.349251E-13
276		2141		323609		3387		2.1143257E-13
277		2141		323621		3388		1.9028931E-13
278		2141		323627		3390		1.7126037E-13
279		2143		323634		3390		1.5413433E-13
280		2141		323642		3387		1.3872089E-13
281		2139		323645		3389		1.248488E-13
282		2140		323648		3387		1.12363915E-13
283		2137		323655		3386		1.0112752E-13
284		2139		323662		3389		9.101477E-14
285		2146		323678		3389		8.191329E-14
286		2141		323686		3387		7.372196E-14
287		2139		323705		3384		6.6349764E-14
288		2138		323722		3379		5.9714786E-14
289		2138		323746		3379		5.3743305E-14
290		2135		323760		3384		4.8368973E-14
291		2127		323777		3386		4.3532076E-14
292		2128		323786		3384		3.917887E-14
293		2126		323796		3384		3.5260982E-14
294		2127		323804		3386		3.1734882E-14
295		2119		323815		3384		2.8561392E-14
296		2120		323821		3383		2.5705253E-14
297		2116		323829		3382		2.3134726E-14
298		2116		323835		3384		2.0821252E-14
299		2113		323844		3386		1.8739127E-14
300		2118		323858		3387		1.6865214E-14
301		2115		323872		3387		1.5178692E-14
302		2119		323885		3388		1.3660822E-14
303		2113		323894		3386		1.2294739E-14
304		2110		323903		3383		1.1065265E-14
305		2108		323915		3384		9.958738E-15
306		2106		323918		3386		8.962864E-15
307		2105		323925		3386		8.066578E-15
308		2101		323930		3384		7.259919E-15
309		2104		323935		3387		6.5339275E-15
310		2100		323945		3386		5.8805347E-15
311		2092		323955		3385		5.2924812E-15
312		2092		323961		3383		4.763233E-15
313		2088		323966		3385		4.2869096E-15
314		2090		323972		3386		3.8582186E-15
315		2091		323976		3387		3.4723965E-15
316		2091		323982		3385		3.1251569E-15
317		2091		323987		3387		2.812641E-15
318		2095		323998		3384		2.5313768E-15
319		2091		324005		3384		2.2782391E-15
320		2094		324011		3385		2.0504152E-15
321		2094		324026		3381		1.8453737E-15
322		2096		324038		3382		1.6608363E-15
323		2093		324055		3384		1.4947526E-15
324		2092		324063		3384		1.3452773E-15
325		2092		324069		3386		1.2107495E-15
326		2091		324078		3386		1.0896745E-15
327		2086		324084		3386		9.80707E-16
328		2086		324088		3386		8.826363E-16
329		2086		324090		3387		7.9437264E-16
330		2085		324095		3387		7.1493535E-16
331		2084		324101		3383		6.434418E-16
332		2085		324104		3386		5.7909763E-16
333		2081		324109		3387		5.2118784E-16
334		2079		324118		3387		4.6906906E-16
335		2078		324119		3387		4.2216215E-16
336		2080		324120		3387		3.7994592E-16
337		2077		324124		3386		3.4195133E-16
338		2076		324128		3385		3.0775619E-16
339		2077		324133		3384		2.7698057E-16
340		2077		324135		3384		2.492825E-16
341		2073		324139		3384		2.2435425E-16
342		2073		324142		3384		2.0191882E-16
343		2073		324144		3384		1.8172694E-16
344		2073		324147		3384		1.6355424E-16
345		2073		324149		3384		1.4719881E-16
346		2073		324151		3384		1.3247893E-16
347		2073		324153		3384		1.1923103E-16
348		2073		324154		3384		1.07307924E-16
349		2073		324154		3384		9.657713E-17
350		2073		324155		3385		8.691941E-17
351		2073		324155		3385		7.822747E-17
352		2073		324155		3385		7.0404723E-17
353		2073		324155		3385		6.336425E-17
354		2071		324156		3384		5.702782E-17
355		2071		324156		3384		5.1325038E-17
356		2071		324156		3384		4.6192535E-17
357		2071		324156		3384		4.157328E-17
358		2071		324156		3384		3.741595E-17
359		2071		324156		3384		3.3674354E-17
360		2071		324156		3384		3.0306918E-17
361		2071		324156		3384		2.7276226E-17
362		2071		324156		3384		2.4548603E-17
363		2071		324156		3384		2.2093743E-17
364		2071		324156		3384		1.9884368E-17
365		2071		324156		3384		1.789593E-17
366		2071		324156		3384		1.6106336E-17
367		2071		324156		3384		1.4495702E-17
368		2071		324156		3384		1.3046131E-17
369		2071		324156		3384		1.1741518E-17
370		2071		324156		3384		1.05673655E-17
371		2071		324156		3384		9.510629E-18
372		2071		324156		3384		8.559566E-18
373		2071		324156		3384		7.703609E-18
374		2071		324156		3384		6.933248E-18
375		2071		324156		3384		6.239923E-18
376		2071		324156		3384		5.6159306E-18
377		2071		324156		3384		5.0543374E-18
378		2071		324156		3384		4.5489036E-18
379		2071		324156		3384		4.094013E-18
380		2071		324156		3384		3.6846115E-18
381		2071		324156		3384		3.3161503E-18
382		2071		324156		3384		2.9845353E-18
383		2071		324156		3384		2.6860817E-18
384		2071		324156		3384		2.4174734E-18
385		2071		324156		3384		2.175726E-18
386		2071		324156		3384		1.9581532E-18
387		2071		324156		3384		1.7623379E-18
388		2071		324156		3384		1.586104E-18
389		2071		324156		3384		1.4274936E-18
390		2071		324156		3384		1.2847443E-18
391		2071		324156		3384		1.1562698E-18
392		2071		324156		3384		1.0406427E-18
393		2071		324156		3384		9.365785E-19
394		2071		324156		3384		8.4292057E-19
395		2071		324156		3384		7.586285E-19
396		2071		324156		3384		6.8276563E-19
397		2071		324156		3384		6.1448906E-19
398		2071		324156		3384		5.5304014E-19
399		2071		324156		3384		4.9773613E-19
400		2071		324156		3384		4.479625E-19
401		2071		324156		3384		4.0316625E-19
402		2071		324156		3384		3.6284963E-19
403		2071		324156		3384		3.2656465E-19
404		2071		324156		3384		2.9390818E-19
405		2071		324156		3384		2.6451737E-19
406		2071		324156		3384		2.3806563E-19
407		2071		324156		3384		2.1425906E-19
408		2071		324156		3384		1.9283315E-19
409		2071		324156		3384		1.7354982E-19
410		2071		324156		3384		1.5619483E-19
411		2071		324156		3384		1.4057535E-19
412		2071		324156		3384		1.2651782E-19
413		2071		324156		3384		1.1386604E-19
414		2071		324156		3384		1.0247943E-19
415		2071		324156		3384		9.2231485E-20
416		2071		324156		3384		8.300834E-20
417		2071		324156		3384		7.47075E-20
418		2071		324156		3384		6.723675E-20
419		2071		324156		3384		6.051307E-20
420		2071		324156		3384		5.446176E-20
421		2071		324156		3384		4.9015582E-20
422		2071		324156		3384		4.4114024E-20
423		2071		324156		3384		3.970262E-20
424		2071		324156		3384		3.5732357E-20
425		2071		324156		3384		3.215912E-20
426		2071		324156		3384		2.8943208E-20
427		2071		324156		3384		2.6048887E-20
428		2071		324156		3384		2.3443998E-20
429		2071		324156		3384		2.1099597E-20
430		2071		324156		3384		1.8989637E-20
431		2071		324156		3384		1.7090673E-20
432		2071		324156		3384		1.5381604E-20
433		2071		324156		3384		1.3843444E-20
434		2071		324156		3384		1.2459099E-20
435		2071		324156		3384		1.1213189E-20
436		2071		324156		3384		1.009187E-20
437		2071		324156		3384		9.082683E-21
438		2071		324156		3384		8.1744145E-21
439		2071		324156		3384		7.356973E-21
440		2071		324156		3384		6.621275E-21
441		2071		324156		3384		5.9591473E-21
442		2071		324156		3384		5.3632323E-21
443		2071		324156		3384		4.826909E-21
444		2071		324156		3384		4.344218E-21
445		2071		324156		3384		3.909796E-21
446		2071		324156		3384		3.5188162E-21
447		2071		324156		3384		3.1669345E-21
448		2071		324156		3384		2.850241E-21
449		2071		324156		3384		2.565217E-21
450		2071		324156		3384		2.3086952E-21
451		2071		324156		3384		2.0778256E-21
452		2071		324156		3384		1.870043E-21
453		2071		324156		3384		1.6830386E-21
454		2071		324156		3384		1.5147347E-21
455		2071		324156		3384		1.3632612E-21
456		2071		324156		3384		1.226935E-21
457		2071		324156		3384		1.1042415E-21
458		2071		324156		3384		9.938173E-22
459		2071		324156		3384		8.944356E-22
460		2071		324156		3384		8.04992E-22
461		2071		324156		3384		7.244928E-22
462		2071		324156		3384		6.520435E-22
463		2071		324156		3384		5.868391E-22
464		2071		324156		3384		5.2815517E-22
465		2071		324156		3384		4.7533966E-22
466		2071		324156		3384		4.278057E-22
467		2071		324156		3384		3.8502514E-22
468		2071		324156		3384		3.4652261E-22
469		2071		324156		3384		3.1187034E-22
470		2071		324156		3384		2.806833E-22
471		2071		324156		3384		2.5261497E-22
472		2071		324156		3384		2.2735347E-22
473		2071		324156		3384		2.0461812E-22
474		2071		324156		3384		1.8415631E-22
475		2071		324156		3384		1.6574067E-22
476		2071		324156		3384		1.491666E-22
477		2071		324156		3384		1.3424994E-22
478		2071		324156		3384		1.2082494E-22
479		2071		324156		3384		1.0874244E-22
480		2071		324156		3384		9.78682E-23
481		2071		324156		3384		8.8081375E-23
482		2071		324156		3384		7.927324E-23
483		2071		324156		3384		7.134591E-23
484		2071		324156		3384		6.421132E-23
485		2071		324156		3384		5.779019E-23
486		2071		324156		3384		5.2011168E-23
487		2071		324156		3384		4.681005E-23
488		2071		324156		3384		4.2129044E-23
489		2071		324156		3384		3.791614E-23
490		2071		324156		3384		3.4124523E-23
491		2071		324156		3384		3.071207E-23
492		2071		324156		3384		2.764086E-23
493		2071		324156		3384		2.4876773E-23
494		2071		324156		3384		2.2389095E-23
495		2071		324156		3384		2.0150185E-23
496		2071		324156		3384		1.8135166E-23
497		2071		324156		3384		1.6321649E-23
498		2071		324156		3384		1.4689483E-23
499		2071		324156		3384		1.3220534E-23
500		2071		324156		3384		1.18984805E-23
501		2071		324156		3384		1.0708632E-23
502		2071		324156		3384		9.6377685E-24
503		2071		324156		3384		8.673991E-24
504		2071		324156		3384		7.806592E-24
505		2071		324156		3384		7.025933E-24
506		2071		324156		3384		6.3233394E-24
507		2071		324156		3384		5.6910055E-24
508		2071		324156		3384		5.1219046E-24
509		2071		324156		3384		4.6097142E-24
510		2071		324156		3384		4.1487426E-24
511		2071		324156		3384		3.7338684E-24
512		2071		324156		3384		3.3604816E-24
513		2071		324156		3384		3.0244333E-24
514		2071		324156		3384		2.72199E-24
515		2071		324156		3384		2.449791E-24
516		2071		324156		3384		2.2048118E-24
517		2071		324156		3384		1.9843305E-24
518		2071		324156		3384		1.7858975E-24
519		2071		324156		3384		1.6073076E-24
520		2071		324156		3384		1.4465768E-24
521		2071		324156		3384		1.3019191E-24
522		2071		324156		3384		1.17172715E-24
523		2071		324156		3384		1.0545544E-24
524		2071		324156		3384		9.49099E-25
525		2071		324156		3384		8.54189E-25
526		2071		324156		3384		7.687701E-25
527		2071		324156		3384		6.918931E-25
528		2071		324156		3384		6.2270377E-25
529		2071		324156		3384		5.6043336E-25
530		2071		324156		3384		5.0439E-25
531		2071		324156		3384		4.53951E-25
532		2071		324156		3384		4.085559E-25
533		2071		324156		3384		3.677003E-25
534		2071		324156		3384		3.3093026E-25
535		2071		324156		3384		2.9783722E-25
536		2071		324156		3384		2.6805348E-25
537		2071		324156		3384		2.4124814E-25
538		2071		324156		3384		2.1712331E-25
539		2071		324156		3384		1.9541098E-25
540		2071		324156		3384		1.7586987E-25
541		2071		324156		3384		1.5828288E-25
542		2071		324156		3384		1.4245459E-25
543		2071		324156		3384		1.2820913E-25
544		2071		324156		3384		1.1538821E-25
545		2071		324156		3384		1.0384938E-25
546		2071		324156		3384		9.3464443E-26
547		2071		324156		3384		8.4117995E-26
548		2071		324156		3384		7.570619E-26
549		2071		324156		3384		6.8135574E-26
550		2071		324156		3384		6.1322016E-26
551		2071		324156		3384		5.518981E-26
552		2071		324156		3384		4.967083E-26
553		2071		324156		3384		4.4703746E-26
554		2071		324156		3384		4.023337E-26
555		2071		324156		3384		3.621003E-26
556		2071		324156		3384		3.2589027E-26
557		2071		324156		3384		2.9330123E-26
558		2071		324156		3384		2.639711E-26
559		2071		324156		3384		2.3757398E-26
560		2071		324156		3384		2.1381657E-26
561		2071		324156		3384		1.9243491E-26
562		2071		324156		3384		1.7319142E-26
563		2071		324156		3384		1.5587227E-26
564		2071		324156		3384		1.4028505E-26
565		2071		324156		3384		1.2625654E-26
566		2071		324156		3384		1.1363088E-26
567		2071		324156		3384		1.0226779E-26
568		2071		324156		3384		9.204101E-27
569		2071		324156		3384		8.2836905E-27
570		2071		324156		3384		7.455321E-27
571		2071		324156		3384		6.709789E-27
572		2071		324156		3384		6.03881E-27
573		2071		324156		3384		5.434929E-27
574		2071		324156		3384		4.8914357E-27
575		2071		324156		3384		4.402292E-27
576		2071		324156		3384		3.9620624E-27
577		2071		324156		3384		3.5658562E-27
578		2071		324156		3384		3.2092705E-27
579		2071		324156		3384		2.8883433E-27
580		2071		324156		3384		2.599509E-27
581		2071		324156		3384		2.3395579E-27
582		2071		324156		3384		2.105602E-27
583		2071		324156		3384		1.8950419E-27
584		2071		324156		3384		1.7055377E-27
585		2071		324156		3384		1.5349839E-27
586		2071		324156		3384		1.3814854E-27
587		2071		324156		3384		1.2433368E-27
588		2071		324156		3384		1.1190031E-27
589		2071		324156		3384		1.0071028E-27
590		2071		324156		3384		9.063924E-28
591		2071		324156		3384		8.157531E-28
592		2071		324156		3384		7.3417783E-28
593		2071		324156		3384		6.6076003E-28
594		2071		324156		3384		5.9468403E-28
595		2071		324156		3384		5.352156E-28
596		2071		324156		3384		4.81694E-28
597		2071		324156		3384		4.3352457E-28
598		2071		324156		3384		3.901721E-28
599		2071		324156		3384		3.5115488E-28
600		2071		324156		3384		3.1603937E-28
601		2071		324156		3384		2.8443542E-28
602		2071		324156		3384		2.5599186E-28
603		2071		324156		3384		2.3039267E-28
604		2071		324156		3384		2.073534E-28
605		2071		324156		3384		1.8661805E-28
606		2071		324156		3384		1.6795625E-28
607		2071		324156		3384		1.5116062E-28
608		2071		324156		3384		1.3604455E-28
609		2071		324156		3384		1.2244009E-28
610		2071		324156		3384		1.1019608E-28
611		2071		324156		3384		9.9176467E-29
612		2071		324156		3384		8.925882E-29
613		2071		324156		3384		8.0332933E-29
614		2071		324156		3384		7.229964E-29
615		2071		324156		3384		6.5069674E-29
616		2071		324156		3384		5.85627E-29
617		2071		324156		3384		5.270643E-29
618		2071		324156		3384		4.7435787E-29
619		2071		324156		3384		4.2692206E-29
620		2071		324156		3384		3.8422985E-29
621		2071		324156		3384		3.4580686E-29
622		2071		324156		3384		3.1122616E-29
623		2071		324156		3384		2.8010352E-29
624		2071		324156		3384		2.5209316E-29
625		2071		324156		3384		2.2688383E-29
626		2071		324156		3384		2.0419544E-29
627		2071		324156		3384		1.8377589E-29
628		2071		324156		3384		1.6539829E-29
629		2071		324156		3384		1.4885847E-29
630		2071		324156		3384		1.3397262E-29
631		2071		324156		3384		1.2057536E-29
632		2071		324156		3384		1.0851782E-29
633		2071		324156		3384		9.766603E-30
634		2071		324156		3384		8.789942E-30
635		2071		324156		3384		7.9109476E-30
636		2071		324156		3384		7.119852E-30
637		2071		324156		3384		6.407867E-30
638		2071		324156		3384		5.76708E-30
639		2071		324156		3384		5.1903718E-30
640		2071		324156		3384		4.6713344E-30
641		2071		324156		3384		4.204201E-30
642		2071		324156		3384		3.7837805E-30
643		2071		324156		3384		3.4054022E-30
644		2071		324156		3384		3.064862E-30
645		2071		324156		3384		2.7583757E-30
646		2071		324156		3384		2.4825382E-30
647		2071		324156		3384		2.2342843E-30
648		2071		324156		3384		2.0108557E-30
649		2071		324156		3384		1.80977E-30
650		2071		324156		3384		1.628793E-30
651		2071		324156		3384		1.4659137E-30
652		2071		324156		3384		1.3193223E-30
653		2071		324156		3384		1.1873901E-30
654		2071		324156		3384		1.068651E-30
655		2071		324156		3384		9.617859E-31
656		2071		324156		3384		8.656073E-31
657		2071		324156		3384		7.7904656E-31
658		2071		324156		3384		7.011419E-31
659		2071		324156		3384		6.310277E-31
660		2071		324156		3384		5.679249E-31
661		2071		324156		3384		5.111324E-31
662		2071		324156		3384		4.6001913E-31
663		2071		324156		3384		4.140172E-31
664		2071		324156		3384		3.7261546E-31
665		2071		324156		3384		3.3535392E-31
666		2071		324156		3384		3.0181852E-31
667		2071		324156		3384		2.7163667E-31
668		2071		324156		3384		2.44473E-31
669		2071		324156		3384		2.200257E-31
670		2071		324156		3384		1.9802312E-31
671		2071		324156		3384		1.782208E-31
672		2071		324156		3384		1.6039872E-31
673		2071		324156		3384		1.4435884E-31
674		2071		324156		3384		1.2992296E-31
675		2071		324156		3384		1.1693065E-31
676		2071		324156		3384		1.0523759E-31
677		2071		324156		3384		9.471383E-32
678		2071		324156		3384		8.524244E-32
679		2071		324156		3384		7.67182E-32
680		2071		324156		3384		6.9046375E-32
681		2071		324156		3384		6.214174E-32
682		2071		324156		3384		5.5927564E-32
683		2071		324156		3384		5.033481E-32
684		2071		324156		3384		4.5301328E-32
685		2071		324156		3384		4.0771193E-32
686		2071		324156		3384		3.6694073E-32
687		2071		324156		3384		3.3024664E-32
688		2071		324156		3384		2.9722198E-32
689		2071		324156		3384		2.6749979E-32
690		2071		324156		3384		2.407498E-32
691		2071		324156		3384		2.166748E-32
692		2071		324156		3384		1.9500731E-32
693		2071		324156		3384		1.7550658E-32
694		2071		324156		3384		1.5795592E-32
695		2071		324156		3384		1.4216032E-32
696		2071		324156		3384		1.2794429E-32
697		2071		324156		3384		1.15149854E-32
698		2071		324156		3384		1.03634866E-32
699		2071		324156		3384		9.327138E-33
700		2071		324156		3384		8.394423E-33
701		2071		324156		3384		7.554981E-33
702		2071		324156		3384		6.7994825E-33
703		2071		324156		3384		6.119534E-33
704		2071		324156		3384		5.5075804E-33
705		2071		324156		3384		4.9568224E-33
706		2071		324156		3384		4.46114E-33
707		2071		324156		3384		4.015026E-33
708		2071		324156		3384		3.6135233E-33
709		2071		324156		3384		3.2521708E-33
710		2071		324156		3384		2.9269536E-33
711		2071		324156		3384		2.6342582E-33
712		2071		324156		3384		2.3708323E-33
713		2071		324156		3384		2.133749E-33
714		2071		324156		3384		1.920374E-33
715		2071		324156		3384		1.7283367E-33
716		2071		324156		3384		1.555503E-33
717		2071		324156		3384		1.3999527E-33
718		2071		324156		3384		1.2599574E-33
719		2071		324156		3384		1.1339617E-33
720		2071		324156		3384		1.0205655E-33
721		2071		324156		3384		9.185089E-34
722		2071		324156		3384		8.2665795E-34
723		2071		324156		3384		7.4399214E-34
724		2071		324156		3384		6.695929E-34
725		2071		324156		3384		6.0263357E-34
726		2071		324156		3384		5.423702E-34
727		2071		324156		3384		4.8813317E-34
728		2071		324156		3384		4.3931985E-34
729		2071		324156		3384		3.9538786E-34
730		2071		324156		3384		3.5584907E-34
731		2071		324156		3384		3.2026415E-34
732		2071		324156		3384		2.8823774E-34
733		2071		324156		3384		2.5941395E-34
734		2071		324156		3384		2.3347256E-34
735		2071		324156		3384		2.1012529E-34
736		2071		324156		3384		1.8911275E-34
737		2071		324156		3384		1.7020147E-34
738		2071		324156		3384		1.5318132E-34
739		2071		324156		3384		1.3786318E-34
740		2071		324156		3384		1.2407686E-34
741		2071		324156		3384		1.1166917E-34
742		2071		324156		3384		1.0050225E-34
743		2071		324156		3384		9.0452023E-35
744		2071		324156		3384		8.140682E-35
745		2071		324156		3384		7.3266135E-35
746		2071		324156		3384		6.593952E-35
747		2071		324156		3384		5.9345567E-35
748		2071		324156		3384		5.341101E-35
749		2071		324156		3384		4.8069907E-35
750		2071		324156		3384		4.3262916E-35
751		2071		324156		3384		3.8936623E-35
752		2071		324156		3384		3.504296E-35
753		2071		324156		3384		3.1538663E-35
754		2071		324156		3384		2.8384796E-35
755		2071		324156		3384		2.5546316E-35
756		2071		324156		3384		2.2991684E-35
757		2071		324156		3384		2.0692515E-35
758		2071		324156		3384		1.8623263E-35
759		2071		324156		3384		1.6760937E-35
760		2071		324156		3384		1.5084843E-35
761		2071		324156		3384		1.3576359E-35
762		2071		324156		3384		1.2218723E-35
763		2071		324156		3384		1.099685E-35
764		2071		324156		3384		9.8971645E-36
765		2071		324156		3384		8.9074476E-36
766		2071		324156		3384		8.016703E-36
767		2071		324156		3384		7.215032E-36
768		2071		324156		3384		6.493529E-36
769		2071		324156		3384		5.8441756E-36
770		2071		324156		3384		5.259758E-36
771		2071		324156		3384		4.733782E-36
772		2071		324156		3384		4.2604036E-36
773		2071		324156		3384		3.8343633E-36
774		2071		324156		3384		3.450927E-36
775		2071		324156		3384		3.105834E-36
776		2071		324156		3384		2.7952506E-36
777		2071		324156		3384		2.5157254E-36
778		2071		324156		3384		2.2641529E-36
779		2071		324156		3384		2.0377375E-36
780		2071		324156		3384		1.8339636E-36
781		2071		324156		3384		1.6505673E-36
782		2071		324156		3384		1.4855105E-36
783		2071		324156		3384		1.33695945E-36
784		2071		324156		3384		1.2032635E-36
785		2071		324156		3384		1.0829371E-36
786		2071		324156		3384		9.746434E-37
787		2071		324156		3384		8.77179E-37
788		2071		324156		3384		7.894611E-37
789		2071		324156		3384		7.1051496E-37
790		2071		324156		3384		6.3946343E-37
791		2071		324156		3384		5.755171E-37
792		2071		324156		3384		5.179654E-37
793		2071		324156		3384		4.661688E-37
794		2071		324156		3384		4.1955194E-37
795		2071		324156		3384		3.7759675E-37
796		2071		324156		3384		3.3983707E-37
797		2071		324156		3384		3.0585337E-37
798		2071		324156		3384		2.7526802E-37
799		2071		324156		3384		2.477412E-37
800		2071		324156		3384		2.2296708E-37
801		2071		324156		3384		2.0067036E-37
802		2071		324156		3384		1.8060331E-37
803		2071		324156		3384		1.6254298E-37
804		2071		324156		3384		1.4628868E-37
805		2071		324156		3384		1.316598E-37
806		2071		324156		3384		1.1849382E-37
807		2071		324156		3384		1.0664444E-37
808		2071		324156		3384		9.598E-38
809		2071		324156		3384		8.6381996E-38
810		2071		324156		3384		7.774379E-38
811		2071		324156		3384		6.996941E-38
812		2071		324156		3384		6.297247E-38
813		2071		324156		3384		5.667522E-38
814		2071		324156		3384		5.1007696E-38
815		2071		324156		3384		4.5906924E-38
816		2071		324156		3384		4.1316231E-38
817		2071		324156		3384		3.7184607E-38
818		2071		324156		3384		3.3466146E-38
819		2071		324156		3384		3.0119532E-38
820		2071		324156		3384		2.7107578E-38
821		2071		324156		3384		2.439682E-38
822		2071		324156		3384		2.1957136E-38
823		2071		324156		3384		1.9761422E-38
824		2071		324156		3384		1.7785279E-38
825		2071		324156		3384		1.600675E-38
826		2071		324156		3384		1.4406075E-38
827		2071		324156		3384		1.2965468E-38
828		2071		324156		3384		1.166892E-38
829		2071		324156		3384		1.0502029E-38
830		2071		324156		3384		9.451825E-39
831		2071		324156		3384		8.506643E-39
832		2071		324156		3384		7.655979E-39
833		2071		324156		3384		6.890381E-39
834		2071		324156		3384		6.201343E-39
835		2071		324156		3384		5.581208E-39
836		2071		324156		3384		5.023087E-39
837		2071		324156		3384		4.520778E-39
838		2071		324156		3384		4.0687E-39
839		2071		324156		3384		3.66183E-39
840		2071		324156		3384		3.295647E-39
841		2071		324156		3384		2.966082E-39
842		2071		324156		3384		2.669474E-39
843		2071		324156		3384		2.402526E-39
844		2071		324156		3384		2.162274E-39
845		2071		324156		3384		1.946046E-39
846		2071		324156		3384		1.751441E-39
847		2071		324156		3384		1.576297E-39
848		2071		324156		3384		1.418668E-39
849		2071		324156		3384		1.2768E-39
850		2071		324156		3384		1.14912E-39
851		2071		324156		3384		1.034207E-39
852		2071		324156		3384		9.30786E-40
853		2071		324156		3384		8.37707E-40
854		2071		324156		3384		7.53936E-40
855		2071		324156		3384		6.78542E-40
856		2071		324156		3384		6.10689E-40
857		2071		324156		3384		5.4962E-40
858		2071		324156		3384		4.94658E-40
859		2071		324156		3384		4.45193E-40
860		2071		324156		3384		4.00673E-40
861		2071		324156		3384		3.60606E-40
862		2071		324156		3384		3.24545E-40
863		2071		324156		3384		2.92091E-40
864		2071		324156		3384		2.62882E-40
865		2071		324156		3384		2.36594E-40
866		2071		324156		3384		2.12934E-40
867		2071		324156		3384		1.9164E-40
868		2071		324156		3384		1.72476E-40
869		2071		324156		3384		1.55229E-40
870		2071		324156		3384		1.39705E-40
871		2071		324156		3384		1.25734E-40
872		2071		324156		3384		1.1316E-40
873		2071		324156		3384		1.01845E-40
874		2071		324156		3384		9.166E-41
875		2071		324156		3384		8.2494E-41
876		2071		324156		3384		7.4245E-41
877		2071		324156		3384		6.6821E-41
878		2071		324156		3384		6.0138E-41
879		2071		324156		3384		5.4124E-41
880		2071		324156		3384		4.8712E-41
881		2071		324156		3384		4.3841E-41
882		2071		324156		3384		3.9456E-41
883		2071		324156		3384		3.551E-41
884		2071		324156		3384		3.196E-41
885		2071		324156		3384		2.8763E-41
886		2071		324156		3384		2.5886E-41
887		2071		324156		3384		2.3298E-41
888		2071		324156		3384		2.0968E-41
889		2071		324156		3384		1.8871E-41
890		2071		324156		3384		1.6984E-41
891		2071		324156		3384		1.5285E-41
892		2071		324156		3384		1.3757E-41
893		2071		324156		3384		1.238E-41
894		2071		324156		3384		1.1142E-41
895		2071		324156		3384		1.0028E-41
896		2071		324156		3384		9.024E-42
897		2071		324156		3384		8.122E-42
898		2071		324156		3384		7.309E-42
899		2071		324156		3384		6.578E-42
900		2071		324156		3384		5.92E-42
901		2071		324156		3384		5.328E-42
902		2071		324156		3384		4.795E-42
903		2071		324156		3384		4.316E-42
904		2071		324156		3384		3.884E-42
905		2071		324156		3384		3.496E-42
906		2071		324156		3384		3.146E-42
907		2071		324156		3384		2.83E-42
908		2071		324156		3384		2.548E-42
909		2071		324156		3384		2.293E-42
910		2071		324156		3384		2.063E-42
911		2071		324156		3384		1.857E-42
912		2071		324156		3384		1.67E-42
913		2071		324156		3384		1.504E-42
914		2071		324156		3384		1.354E-42
915		2071		324156		3384		1.218E-42
916		2071		324156		3384		1.096E-42
917		2071		324156		3384		9.87E-43
918		2071		324156		3384		8.88E-43
919		2071		324156		3384		8.0E-43
920		2071		324156		3384		7.2E-43
921		2071		324156		3384		6.49E-43
922		2071		324156		3384		5.84E-43
923		2071		324156		3384		5.25E-43
924		2071		324156		3384		4.72E-43
925		2071		324156		3384		4.25E-43
926		2071		324156		3384		3.83E-43
927		2071		324156		3384		3.45E-43
928		2071		324156		3384		3.1E-43
929		2071		324156		3384		2.79E-43
930		2071		324156		3384		2.51E-43
931		2071		324156		3384		2.26E-43
932		2071		324156		3384		2.03E-43
933		2071		324156		3384		1.82E-43
934		2071		324156		3384		1.64E-43
935		2071		324156		3384		1.47E-43
936		2071		324156		3384		1.32E-43
937		2071		324156		3384		1.19E-43
938		2071		324156		3384		1.06E-43
939		2071		324156		3384		9.5E-44
940		2071		324156		3384		8.5E-44
941		2071		324156		3384		7.7E-44
942		2071		324156		3384		6.9E-44
943		2071		324156		3384		6.2E-44
944		2071		324156		3384		5.6E-44
945		2071		324156		3384		5.0E-44
946		2071		324156		3384		4.5E-44
947		2071		324156		3384		4.1E-44
948		2071		324156		3384		3.6E-44
949		2071		324156		3384		3.2E-44
950		2071		324156		3384		2.9E-44
951		2071		324156		3384		2.7E-44
952		2071		324156		3384		2.4E-44
953		2071		324156		3384		2.1E-44
954		2071		324156		3384		1.8E-44
955		2071		324156		3384		1.7E-44
956		2071		324156		3384		1.5E-44
957		2071		324156		3384		1.4E-44
958		2071		324156		3384		1.3E-44
959		2071		324156		3384		1.1E-44
960		2071		324156		3384		9.8E-45
961		2071		324156		3384		8.4E-45
962		2071		324156		3384		7.0E-45
963		2071		324156		3384		5.6E-45
964		2071		324156		3384		5.6E-45
965		2071		324156		3384		5.6E-45
966		2071		324156		3384		5.6E-45
967		2071		324156		3384		5.6E-45
968		2071		324156		3384		5.6E-45
969		2071		324156		3384		5.6E-45
970		2071		324156		3384		5.6E-45
971		2071		324156		3384		5.6E-45
972		2071		324156		3384		5.6E-45
973		2071		324156		3384		5.6E-45
974		2071		324156		3384		5.6E-45
975		2071		324156		3384		5.6E-45
976		2071		324156		3384		5.6E-45
977		2071		324156		3384		5.6E-45
978		2071		324156		3384		5.6E-45
979		2071		324156		3384		5.6E-45
980		2071		324156		3384		5.6E-45
981		2071		324156		3384		5.6E-45
982		2071		324156		3384		5.6E-45
983		2071		324156		3384		5.6E-45
984		2071		324156		3384		5.6E-45
985		2071		324156		3384		5.6E-45
986		2071		324156		3384		5.6E-45
987		2071		324156		3384		5.6E-45
988		2071		324156		3384		5.6E-45
989		2071		324156		3384		5.6E-45
990		2071		324156		3384		5.6E-45
991		2071		324156		3384		5.6E-45
992		2071		324156		3384		5.6E-45
993		2071		324156		3384		5.6E-45
994		2071		324156		3384		5.6E-45
995		2071		324156		3384		5.6E-45
996		2071		324156		3384		5.6E-45
997		2071		324156		3384		5.6E-45
998		2071		324156		3384		5.6E-45
999		2071		324156		3384		5.6E-45
