# Migration is number of nodes that have changed color.

Round		Edge-Cut		Swaps		Migrations		T		Skipped
0		8751		3639		3061		0.003
1		8041		7207		3101		9.0E-6
2		6939		9133		3178		2.7E-8
3		6177		10658		3167		8.1000005E-11
4		5687		11891		3217		2.43E-13
5		5247		12929		3229		7.29E-16
6		4815		13829		3201		2.187E-18
7		4541		14558		3227		6.561E-21
8		4304		15199		3229		1.9683E-23
9		4068		15800		3256		5.9049E-26
10		3948		16355		3239		1.77147E-28
11		3786		16886		3242		5.31441E-31
12		3619		17302		3240		1.594323E-33
13		3512		17736		3237		4.782969E-36
14		3400		18091		3241		1.4348908E-38
15		3346		18458		3221		4.3046E-41
16		3257		18797		3240		1.29E-43
17		3218		19120		3238		0.0
18		3125		19470		3231		0.0
19		3069		19760		3224		0.0
20		2967		20024		3235		0.0
21		2920		20258		3257		0.0
22		2876		20525		3257		0.0
23		2835		20746		3245		0.0
24		2787		20944		3249		0.0
25		2759		21125		3246		0.0
26		2721		21354		3244		0.0
27		2682		21531		3243		0.0
28		2647		21709		3255		0.0
29		2644		21864		3253		0.0
30		2612		22030		3247		0.0
31		2586		22176		3248		0.0
32		2563		22301		3266		0.0
33		2531		22470		3270		0.0
34		2535		22600		3266		0.0
35		2503		22725		3274		0.0
36		2477		22842		3273		0.0
37		2457		22971		3273		0.0
38		2448		23089		3270		0.0
39		2437		23205		3284		0.0
40		2397		23333		3272		0.0
41		2372		23455		3285		0.0
42		2340		23557		3280		0.0
43		2320		23665		3291		0.0
44		2304		23772		3281		0.0
45		2284		23887		3284		0.0
46		2260		23975		3287		0.0
47		2243		24089		3279		0.0
48		2226		24179		3273		0.0
49		2202		24270		3276		0.0
50		2207		24358		3280		0.0
51		2188		24454		3269		0.0
52		2165		24526		3273		0.0
53		2162		24591		3272		0.0
54		2152		24675		3283		0.0
55		2153		24757		3274		0.0
56		2134		24836		3269		0.0
57		2141		24912		3271		0.0
58		2126		24983		3272		0.0
59		2125		25053		3271		0.0
60		2115		25102		3277		0.0
61		2101		25156		3273		0.0
62		2090		25181		3274		0.0
63		2070		25215		3267		0.0
64		2073		25252		3276		0.0
65		2064		25287		3278		0.0
66		2072		25320		3278		0.0
67		2075		25366		3280		0.0
68		2069		25410		3279		0.0
69		2056		25440		3278		0.0
70		2048		25465		3280		0.0
71		2042		25495		3280		0.0
72		2045		25524		3281		0.0
73		2041		25556		3284		0.0
74		2043		25596		3279		0.0
75		2039		25633		3284		0.0
76		2030		25666		3283		0.0
77		2030		25683		3282		0.0
78		2034		25710		3284		0.0
79		2021		25741		3289		0.0
80		2023		25761		3284		0.0
81		2017		25779		3283		0.0
82		2015		25797		3286		0.0
83		2009		25819		3286		0.0
84		2010		25838		3291		0.0
85		1997		25862		3288		0.0
86		2005		25882		3290		0.0
87		1991		25913		3290		0.0
88		1989		25931		3288		0.0
89		1987		25944		3285		0.0
90		1991		25962		3288		0.0
91		1981		25971		3285		0.0
92		1981		25991		3281		0.0
93		1984		26005		3286		0.0
94		1979		26026		3289		0.0
95		1974		26036		3293		0.0
96		1972		26049		3293		0.0
97		1971		26055		3294		0.0
98		1967		26066		3295		0.0
99		1966		26076		3299		0.0
100		1970		26083		3299		0.0
101		1971		26089		3292		0.0
102		1977		26097		3296		0.0
103		1975		26112		3294		0.0
104		1975		26121		3297		0.0
105		1973		26132		3299		0.0
106		1971		26138		3300		0.0
107		1968		26144		3297		0.0
108		1970		26149		3296		0.0
109		1964		26158		3298		0.0
110		1966		26166		3300		0.0
111		1972		26184		3299		0.0
112		1968		26196		3298		0.0
113		1971		26206		3296		0.0
114		1966		26212		3296		0.0
115		1961		26216		3296		0.0
116		1957		26225		3297		0.0
117		1957		26232		3295		0.0
118		1958		26240		3295		0.0
119		1951		26249		3297		0.0
120		1951		26255		3297		0.0
121		1950		26259		3297		0.0
122		1949		26263		3297		0.0
123		1952		26271		3297		0.0
124		1944		26274		3296		0.0
125		1947		26277		3296		0.0
126		1944		26279		3296		0.0
127		1944		26279		3296		0.0
128		1945		26281		3296		0.0
129		1942		26282		3297		0.0
130		1943		26284		3297		0.0
131		1944		26287		3299		0.0
132		1943		26289		3297		0.0
133		1944		26292		3295		0.0
134		1944		26293		3296		0.0
135		1950		26305		3296		0.0
136		1949		26310		3296		0.0
137		1947		26315		3295		0.0
138		1942		26319		3294		0.0
139		1940		26321		3294		0.0
140		1941		26324		3292		0.0
141		1939		26329		3293		0.0
142		1939		26332		3295		0.0
143		1940		26337		3297		0.0
144		1940		26344		3297		0.0
145		1940		26351		3295		0.0
146		1943		26355		3295		0.0
147		1938		26368		3299		0.0
148		1935		26373		3295		0.0
149		1936		26378		3294		0.0
150		1938		26384		3296		0.0
151		1938		26392		3296		0.0
152		1940		26405		3297		0.0
153		1937		26420		3296		0.0
154		1931		26429		3298		0.0
155		1931		26444		3294		0.0
156		1924		26462		3296		0.0
157		1927		26475		3300		0.0
158		1925		26485		3295		0.0
159		1927		26508		3301		0.0
160		1931		26529		3300		0.0
161		1929		26551		3300		0.0
162		1926		26587		3301		0.0
163		1922		26606		3303		0.0
164		1922		26640		3296		0.0
165		1920		26669		3300		0.0
166		1918		26702		3301		0.0
167		1918		26723		3297		0.0
168		1905		26745		3304		0.0
169		1905		26757		3301		0.0
170		1893		26778		3304		0.0
171		1898		26806		3303		0.0
172		1897		26832		3312		0.0
173		1892		26861		3311		0.0
174		1895		26897		3313		0.0
175		1897		26929		3312		0.0
176		1886		26969		3308		0.0
177		1887		26993		3312		0.0
178		1885		27017		3306		0.0
179		1884		27060		3309		0.0
180		1872		27103		3303		0.0
181		1866		27136		3307		0.0
182		1866		27163		3315		0.0
183		1867		27194		3318		0.0
184		1861		27225		3311		0.0
185		1868		27248		3314		0.0
186		1868		27294		3307		0.0
187		1861		27334		3303		0.0
188		1855		27366		3301		0.0
189		1848		27394		3299		0.0
190		1854		27438		3299		0.0
191		1839		27479		3306		0.0
192		1846		27518		3307		0.0
193		1829		27546		3309		0.0
194		1831		27580		3305		0.0
195		1824		27610		3313		0.0
196		1828		27642		3310		0.0
197		1821		27672		3307		0.0
198		1821		27707		3310		0.0
199		1817		27753		3313		0.0
200		1811		27794		3317		0.0
201		1806		27818		3319		0.0
202		1810		27846		3326		0.0
203		1802		27877		3321		0.0
204		1800		27914		3319		0.0
205		1799		27949		3326		0.0
206		1792		27974		3321		0.0
207		1789		28004		3323		0.0
208		1793		28028		3317		0.0
209		1792		28059		3317		0.0
210		1789		28083		3321		0.0
211		1780		28103		3319		0.0
212		1777		28120		3320		0.0
213		1775		28151		3323		0.0
214		1775		28165		3324		0.0
215		1772		28189		3320		0.0
216		1776		28207		3321		0.0
217		1768		28226		3319		0.0
218		1768		28238		3319		0.0
219		1764		28263		3320		0.0
220		1762		28281		3321		0.0
221		1762		28294		3326		0.0
222		1762		28306		3327		0.0
223		1758		28313		3327		0.0
224		1759		28332		3326		0.0
225		1752		28342		3325		0.0
226		1755		28356		3323		0.0
227		1752		28365		3323		0.0
228		1750		28373		3325		0.0
229		1753		28386		3323		0.0
230		1747		28394		3323		0.0
231		1747		28405		3326		0.0
232		1749		28415		3327		0.0
233		1752		28435		3326		0.0
234		1749		28452		3326		0.0
235		1750		28464		3327		0.0
236		1747		28472		3324		0.0
237		1742		28477		3329		0.0
238		1740		28488		3327		0.0
239		1740		28492		3323		0.0
240		1740		28495		3325		0.0
241		1742		28505		3325		0.0
242		1742		28507		3324		0.0
243		1741		28510		3325		0.0
244		1738		28517		3325		0.0
245		1742		28535		3324		0.0
246		1747		28552		3331		0.0
247		1748		28565		3327		0.0
248		1747		28588		3329		0.0
249		1749		28606		3333		0.0
250		1746		28622		3326		0.0
251		1742		28638		3329		0.0
252		1741		28651		3326		0.0
253		1744		28665		3324		0.0
254		1740		28675		3324		0.0
255		1738		28682		3325		0.0
256		1741		28699		3328		0.0
257		1738		28715		3324		0.0
258		1737		28725		3324		0.0
259		1740		28739		3328		0.0
260		1734		28753		3325		0.0
261		1731		28767		3330		0.0
262		1727		28778		3328		0.0
263		1726		28785		3326		0.0
264		1722		28794		3327		0.0
265		1722		28799		3325		0.0
266		1722		28806		3327		0.0
267		1717		28815		3325		0.0
268		1716		28819		3327		0.0
269		1716		28824		3324		0.0
270		1716		28827		3323		0.0
271		1715		28836		3326		0.0
272		1715		28837		3325		0.0
273		1715		28842		3326		0.0
274		1713		28845		3324		0.0
275		1714		28850		3325		0.0
276		1714		28853		3324		0.0
277		1714		28856		3323		0.0
278		1712		28861		3324		0.0
279		1713		28863		3324		0.0
280		1713		28866		3323		0.0
281		1712		28867		3324		0.0
282		1713		28871		3324		0.0
283		1713		28874		3322		0.0
284		1713		28878		3322		0.0
285		1715		28887		3323		0.0
286		1713		28888		3322		0.0
287		1712		28889		3323		0.0
288		1712		28889		3323		0.0
289		1711		28890		3322		0.0
290		1711		28893		3323		0.0
291		1710		28895		3324		0.0
292		1712		28896		3323		0.0
293		1711		28899		3325		0.0
294		1708		28907		3327		0.0
295		1704		28910		3326		0.0
296		1700		28913		3326		0.0
297		1703		28916		3323		0.0
298		1702		28919		3324		0.0
299		1705		28939		3324		0.0
300		1704		28945		3325		0.0
301		1700		28949		3325		0.0
302		1701		28955		3326		0.0
303		1703		28959		3327		0.0
304		1704		28964		3325		0.0
305		1703		28966		3326		0.0
306		1700		28968		3326		0.0
307		1700		28968		3326		0.0
308		1699		28972		3327		0.0
309		1700		28973		3326		0.0
310		1700		28975		3326		0.0
311		1699		28976		3325		0.0
312		1699		28978		3325		0.0
313		1697		28980		3327		0.0
314		1697		28981		3328		0.0
315		1699		28983		3330		0.0
316		1697		28986		3328		0.0
317		1697		28988		3328		0.0
318		1697		28991		3328		0.0
319		1698		28992		3329		0.0
320		1694		28992		3329		0.0
321		1694		28992		3329		0.0
322		1694		28992		3329		0.0
323		1694		28992		3329		0.0
324		1694		28992		3329		0.0
325		1694		28992		3329		0.0
326		1694		28992		3329		0.0
327		1694		28992		3329		0.0
328		1694		28992		3329		0.0
329		1694		28992		3329		0.0
330		1694		28992		3329		0.0
331		1694		28992		3329		0.0
332		1692		28993		3330		0.0
333		1692		28993		3330		0.0
334		1692		28993		3330		0.0
335		1692		28993		3330		0.0
336		1692		28993		3330		0.0
337		1692		28993		3330		0.0
338		1692		28993		3330		0.0
339		1692		28993		3330		0.0
340		1692		28993		3330		0.0
341		1692		28993		3330		0.0
342		1692		28993		3330		0.0
343		1692		28993		3330		0.0
344		1692		28993		3330		0.0
345		1692		28993		3330		0.0
346		1692		28993		3330		0.0
347		1692		28993		3330		0.0
348		1692		28993		3330		0.0
349		1692		28993		3330		0.0
350		1692		28993		3330		0.0
351		1692		28993		3330		0.0
352		1692		28993		3330		0.0
353		1692		28993		3330		0.0
354		1692		28993		3330		0.0
355		1692		28993		3330		0.0
356		1692		28993		3330		0.0
357		1692		28993		3330		0.0
358		1692		28993		3330		0.0
359		1692		28993		3330		0.0
360		1692		28993		3330		0.0
361		1692		28993		3330		0.0
362		1692		28993		3330		0.0
363		1692		28993		3330		0.0
364		1692		28993		3330		0.0
365		1692		28993		3330		0.0
366		1692		28993		3330		0.0
367		1692		28993		3330		0.0
368		1692		28993		3330		0.0
369		1692		28993		3330		0.0
370		1692		28993		3330		0.0
371		1692		28993		3330		0.0
372		1692		28993		3330		0.0
373		1692		28993		3330		0.0
374		1692		28993		3330		0.0
375		1692		28993		3330		0.0
376		1692		28993		3330		0.0
377		1692		28993		3330		0.0
378		1692		28993		3330		0.0
379		1692		28993		3330		0.0
380		1692		28993		3330		0.0
381		1692		28993		3330		0.0
382		1692		28993		3330		0.0
383		1692		28993		3330		0.0
384		1692		28993		3330		0.0
385		1692		28993		3330		0.0
386		1692		28993		3330		0.0
387		1692		28993		3330		0.0
388		1692		28993		3330		0.0
389		1692		28993		3330		0.0
390		1692		28993		3330		0.0
391		1692		28993		3330		0.0
392		1692		28993		3330		0.0
393		1692		28993		3330		0.0
394		1692		28993		3330		0.0
395		1692		28993		3330		0.0
396		1692		28993		3330		0.0
397		1692		28993		3330		0.0
398		1692		28993		3330		0.0
399		1692		28993		3330		0.0
400		1692		28993		3330		0.0
401		1692		28993		3330		0.0
402		1692		28993		3330		0.0
403		1692		28993		3330		0.0
404		1692		28993		3330		0.0
405		1692		28993		3330		0.0
406		1692		28993		3330		0.0
407		1692		28993		3330		0.0
408		1692		28993		3330		0.0
409		1692		28993		3330		0.0
410		1692		28993		3330		0.0
411		1692		28993		3330		0.0
412		1692		28993		3330		0.0
413		1692		28993		3330		0.0
414		1692		28993		3330		0.0
415		1692		28993		3330		0.0
416		1692		28993		3330		0.0
417		1692		28993		3330		0.0
418		1692		28993		3330		0.0
419		1692		28993		3330		0.0
420		1692		28993		3330		0.0
421		1692		28993		3330		0.0
422		1692		28993		3330		0.0
423		1692		28993		3330		0.0
424		1692		28993		3330		0.0
425		1692		28993		3330		0.0
426		1692		28993		3330		0.0
427		1692		28993		3330		0.0
428		1692		28993		3330		0.0
429		1692		28993		3330		0.0
430		1692		28993		3330		0.0
431		1692		28993		3330		0.0
432		1692		28993		3330		0.0
433		1692		28993		3330		0.0
434		1692		28993		3330		0.0
435		1692		28993		3330		0.0
436		1692		28993		3330		0.0
437		1692		28993		3330		0.0
438		1692		28993		3330		0.0
439		1692		28993		3330		0.0
440		1692		28993		3330		0.0
441		1692		28993		3330		0.0
442		1692		28993		3330		0.0
443		1692		28993		3330		0.0
444		1692		28993		3330		0.0
445		1692		28993		3330		0.0
446		1692		28993		3330		0.0
447		1692		28993		3330		0.0
448		1692		28993		3330		0.0
449		1692		28993		3330		0.0
450		1692		28993		3330		0.0
451		1692		28993		3330		0.0
452		1692		28993		3330		0.0
453		1692		28993		3330		0.0
454		1692		28993		3330		0.0
455		1692		28993		3330		0.0
456		1692		28993		3330		0.0
457		1692		28993		3330		0.0
458		1692		28993		3330		0.0
459		1692		28993		3330		0.0
460		1692		28993		3330		0.0
461		1692		28993		3330		0.0
462		1692		28993		3330		0.0
463		1692		28993		3330		0.0
464		1692		28993		3330		0.0
465		1692		28993		3330		0.0
466		1692		28993		3330		0.0
467		1692		28993		3330		0.0
468		1692		28993		3330		0.0
469		1692		28993		3330		0.0
470		1692		28993		3330		0.0
471		1692		28993		3330		0.0
472		1692		28993		3330		0.0
473		1692		28993		3330		0.0
474		1692		28993		3330		0.0
475		1692		28993		3330		0.0
476		1692		28993		3330		0.0
477		1692		28993		3330		0.0
478		1692		28993		3330		0.0
479		1692		28993		3330		0.0
480		1692		28993		3330		0.0
481		1692		28993		3330		0.0
482		1692		28993		3330		0.0
483		1692		28993		3330		0.0
484		1692		28993		3330		0.0
485		1692		28993		3330		0.0
486		1692		28993		3330		0.0
487		1692		28993		3330		0.0
488		1692		28993		3330		0.0
489		1692		28993		3330		0.0
490		1692		28993		3330		0.0
491		1692		28993		3330		0.0
492		1692		28993		3330		0.0
493		1692		28993		3330		0.0
494		1692		28993		3330		0.0
495		1692		28993		3330		0.0
496		1692		28993		3330		0.0
497		1692		28993		3330		0.0
498		1692		28993		3330		0.0
499		1692		28993		3330		0.0
500		1692		28993		3330		0.0
501		1692		28993		3330		0.0
502		1692		28993		3330		0.0
503		1692		28993		3330		0.0
504		1692		28993		3330		0.0
505		1692		28993		3330		0.0
506		1692		28993		3330		0.0
507		1692		28993		3330		0.0
508		1692		28993		3330		0.0
509		1692		28993		3330		0.0
510		1692		28993		3330		0.0
511		1692		28993		3330		0.0
512		1692		28993		3330		0.0
513		1692		28993		3330		0.0
514		1692		28993		3330		0.0
515		1692		28993		3330		0.0
516		1692		28993		3330		0.0
517		1692		28993		3330		0.0
518		1692		28993		3330		0.0
519		1692		28993		3330		0.0
520		1692		28993		3330		0.0
521		1692		28993		3330		0.0
522		1692		28993		3330		0.0
523		1692		28993		3330		0.0
524		1692		28993		3330		0.0
525		1692		28993		3330		0.0
526		1692		28993		3330		0.0
527		1692		28993		3330		0.0
528		1692		28993		3330		0.0
529		1692		28993		3330		0.0
530		1692		28993		3330		0.0
531		1692		28993		3330		0.0
532		1692		28993		3330		0.0
533		1692		28993		3330		0.0
534		1692		28993		3330		0.0
535		1692		28993		3330		0.0
536		1692		28993		3330		0.0
537		1692		28993		3330		0.0
538		1692		28993		3330		0.0
539		1692		28993		3330		0.0
540		1692		28993		3330		0.0
541		1692		28993		3330		0.0
542		1692		28993		3330		0.0
543		1692		28993		3330		0.0
544		1692		28993		3330		0.0
545		1692		28993		3330		0.0
546		1692		28993		3330		0.0
547		1692		28993		3330		0.0
548		1692		28993		3330		0.0
549		1692		28993		3330		0.0
550		1692		28993		3330		0.0
551		1692		28993		3330		0.0
552		1692		28993		3330		0.0
553		1692		28993		3330		0.0
554		1692		28993		3330		0.0
555		1692		28993		3330		0.0
556		1692		28993		3330		0.0
557		1692		28993		3330		0.0
558		1692		28993		3330		0.0
559		1692		28993		3330		0.0
560		1692		28993		3330		0.0
561		1692		28993		3330		0.0
562		1692		28993		3330		0.0
563		1692		28993		3330		0.0
564		1692		28993		3330		0.0
565		1692		28993		3330		0.0
566		1692		28993		3330		0.0
567		1692		28993		3330		0.0
568		1692		28993		3330		0.0
569		1692		28993		3330		0.0
570		1692		28993		3330		0.0
571		1692		28993		3330		0.0
572		1692		28993		3330		0.0
573		1692		28993		3330		0.0
574		1692		28993		3330		0.0
575		1692		28993		3330		0.0
576		1692		28993		3330		0.0
577		1692		28993		3330		0.0
578		1692		28993		3330		0.0
579		1692		28993		3330		0.0
580		1692		28993		3330		0.0
581		1692		28993		3330		0.0
582		1692		28993		3330		0.0
583		1692		28993		3330		0.0
584		1692		28993		3330		0.0
585		1692		28993		3330		0.0
586		1692		28993		3330		0.0
587		1692		28993		3330		0.0
588		1692		28993		3330		0.0
589		1692		28993		3330		0.0
590		1692		28993		3330		0.0
591		1692		28993		3330		0.0
592		1692		28993		3330		0.0
593		1692		28993		3330		0.0
594		1692		28993		3330		0.0
595		1692		28993		3330		0.0
596		1692		28993		3330		0.0
597		1692		28993		3330		0.0
598		1692		28993		3330		0.0
599		1692		28993		3330		0.0
600		1692		28993		3330		0.0
601		1692		28993		3330		0.0
602		1692		28993		3330		0.0
603		1692		28993		3330		0.0
604		1692		28993		3330		0.0
605		1692		28993		3330		0.0
606		1692		28993		3330		0.0
607		1692		28993		3330		0.0
608		1692		28993		3330		0.0
609		1692		28993		3330		0.0
610		1692		28993		3330		0.0
611		1692		28993		3330		0.0
612		1692		28993		3330		0.0
613		1692		28993		3330		0.0
614		1692		28993		3330		0.0
615		1692		28993		3330		0.0
616		1692		28993		3330		0.0
617		1692		28993		3330		0.0
618		1692		28993		3330		0.0
619		1692		28993		3330		0.0
620		1692		28993		3330		0.0
621		1692		28993		3330		0.0
622		1692		28993		3330		0.0
623		1692		28993		3330		0.0
624		1692		28993		3330		0.0
625		1692		28993		3330		0.0
626		1692		28993		3330		0.0
627		1692		28993		3330		0.0
628		1692		28993		3330		0.0
629		1692		28993		3330		0.0
630		1692		28993		3330		0.0
631		1692		28993		3330		0.0
632		1692		28993		3330		0.0
633		1692		28993		3330		0.0
634		1692		28993		3330		0.0
635		1692		28993		3330		0.0
636		1692		28993		3330		0.0
637		1692		28993		3330		0.0
638		1692		28993		3330		0.0
639		1692		28993		3330		0.0
640		1692		28993		3330		0.0
641		1692		28993		3330		0.0
642		1692		28993		3330		0.0
643		1692		28993		3330		0.0
644		1692		28993		3330		0.0
645		1692		28993		3330		0.0
646		1692		28993		3330		0.0
647		1692		28993		3330		0.0
648		1692		28993		3330		0.0
649		1692		28993		3330		0.0
650		1692		28993		3330		0.0
651		1692		28993		3330		0.0
652		1692		28993		3330		0.0
653		1692		28993		3330		0.0
654		1692		28993		3330		0.0
655		1692		28993		3330		0.0
656		1692		28993		3330		0.0
657		1692		28993		3330		0.0
658		1692		28993		3330		0.0
659		1692		28993		3330		0.0
660		1692		28993		3330		0.0
661		1692		28993		3330		0.0
662		1692		28993		3330		0.0
663		1692		28993		3330		0.0
664		1692		28993		3330		0.0
665		1692		28993		3330		0.0
666		1692		28993		3330		0.0
667		1692		28993		3330		0.0
668		1692		28993		3330		0.0
669		1692		28993		3330		0.0
670		1692		28993		3330		0.0
671		1692		28993		3330		0.0
672		1692		28993		3330		0.0
673		1692		28993		3330		0.0
674		1692		28993		3330		0.0
675		1692		28993		3330		0.0
676		1692		28993		3330		0.0
677		1692		28993		3330		0.0
678		1692		28993		3330		0.0
679		1692		28993		3330		0.0
680		1692		28993		3330		0.0
681		1692		28993		3330		0.0
682		1692		28993		3330		0.0
683		1692		28993		3330		0.0
684		1692		28993		3330		0.0
685		1692		28993		3330		0.0
686		1692		28993		3330		0.0
687		1692		28993		3330		0.0
688		1692		28993		3330		0.0
689		1692		28993		3330		0.0
690		1692		28993		3330		0.0
691		1692		28993		3330		0.0
692		1692		28993		3330		0.0
693		1692		28993		3330		0.0
694		1692		28993		3330		0.0
695		1692		28993		3330		0.0
696		1692		28993		3330		0.0
697		1692		28993		3330		0.0
698		1692		28993		3330		0.0
699		1692		28993		3330		0.0
700		1692		28993		3330		0.0
701		1692		28993		3330		0.0
702		1692		28993		3330		0.0
703		1692		28993		3330		0.0
704		1692		28993		3330		0.0
705		1692		28993		3330		0.0
706		1692		28993		3330		0.0
707		1692		28993		3330		0.0
708		1692		28993		3330		0.0
709		1692		28993		3330		0.0
710		1692		28993		3330		0.0
711		1692		28993		3330		0.0
712		1692		28993		3330		0.0
713		1692		28993		3330		0.0
714		1692		28993		3330		0.0
715		1692		28993		3330		0.0
716		1692		28993		3330		0.0
717		1692		28993		3330		0.0
718		1692		28993		3330		0.0
719		1692		28993		3330		0.0
720		1692		28993		3330		0.0
721		1692		28993		3330		0.0
722		1692		28993		3330		0.0
723		1692		28993		3330		0.0
724		1692		28993		3330		0.0
725		1692		28993		3330		0.0
726		1692		28993		3330		0.0
727		1692		28993		3330		0.0
728		1692		28993		3330		0.0
729		1692		28993		3330		0.0
730		1692		28993		3330		0.0
731		1692		28993		3330		0.0
732		1692		28993		3330		0.0
733		1692		28993		3330		0.0
734		1692		28993		3330		0.0
735		1692		28993		3330		0.0
736		1692		28993		3330		0.0
737		1692		28993		3330		0.0
738		1692		28993		3330		0.0
739		1692		28993		3330		0.0
740		1692		28993		3330		0.0
741		1692		28993		3330		0.0
742		1692		28993		3330		0.0
743		1692		28993		3330		0.0
744		1692		28993		3330		0.0
745		1692		28993		3330		0.0
746		1692		28993		3330		0.0
747		1692		28993		3330		0.0
748		1692		28993		3330		0.0
749		1692		28993		3330		0.0
750		1692		28993		3330		0.0
751		1692		28993		3330		0.0
752		1692		28993		3330		0.0
753		1692		28993		3330		0.0
754		1692		28993		3330		0.0
755		1692		28993		3330		0.0
756		1692		28993		3330		0.0
757		1692		28993		3330		0.0
758		1692		28993		3330		0.0
759		1692		28993		3330		0.0
760		1692		28993		3330		0.0
761		1692		28993		3330		0.0
762		1692		28993		3330		0.0
763		1692		28993		3330		0.0
764		1692		28993		3330		0.0
765		1692		28993		3330		0.0
766		1692		28993		3330		0.0
767		1692		28993		3330		0.0
768		1692		28993		3330		0.0
769		1692		28993		3330		0.0
770		1692		28993		3330		0.0
771		1692		28993		3330		0.0
772		1692		28993		3330		0.0
773		1692		28993		3330		0.0
774		1692		28993		3330		0.0
775		1692		28993		3330		0.0
776		1692		28993		3330		0.0
777		1692		28993		3330		0.0
778		1692		28993		3330		0.0
779		1692		28993		3330		0.0
780		1692		28993		3330		0.0
781		1692		28993		3330		0.0
782		1692		28993		3330		0.0
783		1692		28993		3330		0.0
784		1692		28993		3330		0.0
785		1692		28993		3330		0.0
786		1692		28993		3330		0.0
787		1692		28993		3330		0.0
788		1692		28993		3330		0.0
789		1692		28993		3330		0.0
790		1692		28993		3330		0.0
791		1692		28993		3330		0.0
792		1692		28993		3330		0.0
793		1692		28993		3330		0.0
794		1692		28993		3330		0.0
795		1692		28993		3330		0.0
796		1692		28993		3330		0.0
797		1692		28993		3330		0.0
798		1692		28993		3330		0.0
799		1692		28993		3330		0.0
800		1692		28993		3330		0.0
801		1692		28993		3330		0.0
802		1692		28993		3330		0.0
803		1692		28993		3330		0.0
804		1692		28993		3330		0.0
805		1692		28993		3330		0.0
806		1692		28993		3330		0.0
807		1692		28993		3330		0.0
808		1692		28993		3330		0.0
809		1692		28993		3330		0.0
810		1692		28993		3330		0.0
811		1692		28993		3330		0.0
812		1692		28993		3330		0.0
813		1692		28993		3330		0.0
814		1692		28993		3330		0.0
815		1692		28993		3330		0.0
816		1692		28993		3330		0.0
817		1692		28993		3330		0.0
818		1692		28993		3330		0.0
819		1692		28993		3330		0.0
820		1692		28993		3330		0.0
821		1692		28993		3330		0.0
822		1692		28993		3330		0.0
823		1692		28993		3330		0.0
824		1692		28993		3330		0.0
825		1692		28993		3330		0.0
826		1692		28993		3330		0.0
827		1692		28993		3330		0.0
828		1692		28993		3330		0.0
829		1692		28993		3330		0.0
830		1692		28993		3330		0.0
831		1692		28993		3330		0.0
832		1692		28993		3330		0.0
833		1692		28993		3330		0.0
834		1692		28993		3330		0.0
835		1692		28993		3330		0.0
836		1692		28993		3330		0.0
837		1692		28993		3330		0.0
838		1692		28993		3330		0.0
839		1692		28993		3330		0.0
840		1692		28993		3330		0.0
841		1692		28993		3330		0.0
842		1692		28993		3330		0.0
843		1692		28993		3330		0.0
844		1692		28993		3330		0.0
845		1692		28993		3330		0.0
846		1692		28993		3330		0.0
847		1692		28993		3330		0.0
848		1692		28993		3330		0.0
849		1692		28993		3330		0.0
850		1692		28993		3330		0.0
851		1692		28993		3330		0.0
852		1692		28993		3330		0.0
853		1692		28993		3330		0.0
854		1692		28993		3330		0.0
855		1692		28993		3330		0.0
856		1692		28993		3330		0.0
857		1692		28993		3330		0.0
858		1692		28993		3330		0.0
859		1692		28993		3330		0.0
860		1692		28993		3330		0.0
861		1692		28993		3330		0.0
862		1692		28993		3330		0.0
863		1692		28993		3330		0.0
864		1692		28993		3330		0.0
865		1692		28993		3330		0.0
866		1692		28993		3330		0.0
867		1692		28993		3330		0.0
868		1692		28993		3330		0.0
869		1692		28993		3330		0.0
870		1692		28993		3330		0.0
871		1692		28993		3330		0.0
872		1692		28993		3330		0.0
873		1692		28993		3330		0.0
874		1692		28993		3330		0.0
875		1692		28993		3330		0.0
876		1692		28993		3330		0.0
877		1692		28993		3330		0.0
878		1692		28993		3330		0.0
879		1692		28993		3330		0.0
880		1692		28993		3330		0.0
881		1692		28993		3330		0.0
882		1692		28993		3330		0.0
883		1692		28993		3330		0.0
884		1692		28993		3330		0.0
885		1692		28993		3330		0.0
886		1692		28993		3330		0.0
887		1692		28993		3330		0.0
888		1692		28993		3330		0.0
889		1692		28993		3330		0.0
890		1692		28993		3330		0.0
891		1692		28993		3330		0.0
892		1692		28993		3330		0.0
893		1692		28993		3330		0.0
894		1692		28993		3330		0.0
895		1692		28993		3330		0.0
896		1692		28993		3330		0.0
897		1692		28993		3330		0.0
898		1692		28993		3330		0.0
899		1692		28993		3330		0.0
900		1692		28993		3330		0.0
901		1692		28993		3330		0.0
902		1692		28993		3330		0.0
903		1692		28993		3330		0.0
904		1692		28993		3330		0.0
905		1692		28993		3330		0.0
906		1692		28993		3330		0.0
907		1692		28993		3330		0.0
908		1692		28993		3330		0.0
909		1692		28993		3330		0.0
910		1692		28993		3330		0.0
911		1692		28993		3330		0.0
912		1692		28993		3330		0.0
913		1692		28993		3330		0.0
914		1692		28993		3330		0.0
915		1692		28993		3330		0.0
916		1692		28993		3330		0.0
917		1692		28993		3330		0.0
918		1692		28993		3330		0.0
919		1692		28993		3330		0.0
920		1692		28993		3330		0.0
921		1692		28993		3330		0.0
922		1692		28993		3330		0.0
923		1692		28993		3330		0.0
924		1692		28993		3330		0.0
925		1692		28993		3330		0.0
926		1692		28993		3330		0.0
927		1692		28993		3330		0.0
928		1692		28993		3330		0.0
929		1692		28993		3330		0.0
930		1692		28993		3330		0.0
931		1692		28993		3330		0.0
932		1692		28993		3330		0.0
933		1692		28993		3330		0.0
934		1692		28993		3330		0.0
935		1692		28993		3330		0.0
936		1692		28993		3330		0.0
937		1692		28993		3330		0.0
938		1692		28993		3330		0.0
939		1692		28993		3330		0.0
940		1692		28993		3330		0.0
941		1692		28993		3330		0.0
942		1692		28993		3330		0.0
943		1692		28993		3330		0.0
944		1692		28993		3330		0.0
945		1692		28993		3330		0.0
946		1692		28993		3330		0.0
947		1692		28993		3330		0.0
948		1692		28993		3330		0.0
949		1692		28993		3330		0.0
950		1692		28993		3330		0.0
951		1692		28993		3330		0.0
952		1692		28993		3330		0.0
953		1692		28993		3330		0.0
954		1692		28993		3330		0.0
955		1692		28993		3330		0.0
956		1692		28993		3330		0.0
957		1692		28993		3330		0.0
958		1692		28993		3330		0.0
959		1692		28993		3330		0.0
960		1692		28993		3330		0.0
961		1692		28993		3330		0.0
962		1692		28993		3330		0.0
963		1692		28993		3330		0.0
964		1692		28993		3330		0.0
965		1692		28993		3330		0.0
966		1692		28993		3330		0.0
967		1692		28993		3330		0.0
968		1692		28993		3330		0.0
969		1692		28993		3330		0.0
970		1692		28993		3330		0.0
971		1692		28993		3330		0.0
972		1692		28993		3330		0.0
973		1692		28993		3330		0.0
974		1692		28993		3330		0.0
975		1692		28993		3330		0.0
976		1692		28993		3330		0.0
977		1692		28993		3330		0.0
978		1692		28993		3330		0.0
979		1692		28993		3330		0.0
980		1692		28993		3330		0.0
981		1692		28993		3330		0.0
982		1692		28993		3330		0.0
983		1692		28993		3330		0.0
984		1692		28993		3330		0.0
985		1692		28993		3330		0.0
986		1692		28993		3330		0.0
987		1692		28993		3330		0.0
988		1692		28993		3330		0.0
989		1692		28993		3330		0.0
990		1692		28993		3330		0.0
991		1692		28993		3330		0.0
992		1692		28993		3330		0.0
993		1692		28993		3330		0.0
994		1692		28993		3330		0.0
995		1692		28993		3330		0.0
996		1692		28993		3330		0.0
997		1692		28993		3330		0.0
998		1692		28993		3330		0.0
999		1692		28993		3330		0.0
